       1    2.869309E-02   -4.152495E-01    1.999305E-01    1.040000E-01    7.897321E-03
       2   -1.875110E+00   -9.240273E-01   -1.062192E+00    1.335149E+00    2.036340E-01
       3    1.333150E+00    2.371575E+00    4.829357E-02    1.537261E+00    2.742218E-01
       4   -7.447839E-02    7.132180E-01   -5.185719E-01    1.806593E+00    2.900532E-02
       5    8.163357E+00   -2.563583E+00   -2.268061E-01    1.699112E+00    2.713474E+00
       6    1.909976E+00   -2.072637E+00    1.328292E+00    1.408593E+00    3.595626E-01
       7   -1.606210E+00   -3.637945E+00    1.086719E+00    1.279568E+00    6.294633E-01
       8   -7.687367E-01   -6.351486E+00    1.252305E+00    1.355228E+00    1.574096E+00
       9    1.428639E-01   -3.620968E+00    3.834862E-01    1.132792E+00    4.918104E-01
      10    2.524788E+00    1.276311E+00    1.641325E+00    1.187329E+00    3.962026E-01
      11    1.267564E+00   -5.540963E-01   -2.349736E+00    1.672068E+00    2.753703E-01
