       1    5.610985E-02    1.656239E-01   -1.397198E-01    4.000000E-02    1.855601E-03
       2    4.642350E-01   -9.118123E-01    9.524455E-02    1.599716E+00    3.911064E-02
       3   -2.027409E+00   -1.131613E+00    3.758015E-01    4.747804E-01    2.048949E-01
       4    1.319446E+00    1.476795E-01    1.063918E+00    8.070183E-01    1.072100E-01
       5    2.010414E+00   -4.817778E-01    2.350176E+00    9.949271E-01    3.628594E-01
       6   -1.451075E+00    9.994575E-01    3.334998E+00    1.227528E+00    5.269164E-01
       7   -2.657225E-01   -7.582258E-01    2.300250E-01    7.640699E-01    2.586764E-02
       8    5.496076E-01   -8.682396E-01    1.023472E+00    8.465722E-01    7.790383E-02
       9    1.088395E+00   -2.984139E-01   -2.146073E+00    9.144278E-01    2.177513E-01
      10   -8.548484E-01   -7.038363E-01    9.717777E-01    7.643206E-01    8.038901E-02
      11    2.299682E+00   -3.035233E+00   -2.349568E+00    8.803798E-01    7.415426E-01
