DL_MESO charged harmonic dimers with dpd repulsion                              
      5001       100


DIMER   
  0.000000E+00  1.419184E-01  1.000000E+00
  1.000000E-01  1.360256E-01  9.584780E-01
  2.000000E-01  1.217816E-01  8.581103E-01
  3.000000E-01  1.045570E-01  7.367406E-01
  4.000000E-01  8.750295E-02  6.165724E-01
  5.000000E-01  7.161709E-02  5.046358E-01
  6.000000E-01  5.723649E-02  4.033057E-01
  7.000000E-01  4.466587E-02  3.147293E-01
  8.000000E-01  3.406310E-02  2.400189E-01
  9.000000E-01  2.537519E-02  1.788013E-01
  1.000000E+00  1.843584E-02  1.299045E-01
  1.100000E+00  1.301927E-02  9.173774E-02
  1.200000E+00  8.864191E-03  6.245979E-02
  1.300000E+00  5.732198E-03  4.039081E-02
  1.400000E+00  3.438740E-03  2.423041E-02
  1.500000E+00  1.822801E-03  1.284401E-02
  1.600000E+00  7.281898E-04  5.131047E-03
  1.700000E+00  1.715417E-05  1.208735E-04
  1.800000E+00 -4.156443E-04 -2.928756E-03
  1.900000E+00 -6.487325E-04 -4.571167E-03
  2.000000E+00 -7.497391E-04 -5.282890E-03
  2.100000E+00 -7.775427E-04 -5.478803E-03
  2.200000E+00 -7.689175E-04 -5.418027E-03
  2.300000E+00 -7.421090E-04 -5.229126E-03
  2.400000E+00 -7.090165E-04 -4.995946E-03
  2.500000E+00 -6.784498E-04 -4.780564E-03
  2.600000E+00 -6.516836E-04 -4.591961E-03
  2.700000E+00 -6.259380E-04 -4.410550E-03
  2.800000E+00 -5.970681E-04 -4.207123E-03
  2.900000E+00 -5.600534E-04 -3.946307E-03
  3.000000E+00 -5.179280E-04 -3.649478E-03
  3.100000E+00 -4.740470E-04 -3.340279E-03
  3.200000E+00 -4.245833E-04 -2.991743E-03
  3.300000E+00 -3.684382E-04 -2.596128E-03
  3.400000E+00 -3.114682E-04 -2.194700E-03
  3.500000E+00 -2.530444E-04 -1.783028E-03
  3.600000E+00 -1.823259E-04 -1.284724E-03
  3.700000E+00 -8.931025E-05 -6.293072E-04
  3.800000E+00  2.772889E-05  1.953862E-04
  3.900000E+00  1.574229E-04  1.109250E-03
  4.000000E+00  2.789960E-04  1.965891E-03
  4.100000E+00  3.725148E-04  2.624853E-03
  4.200000E+00  4.275509E-04  3.012654E-03
  4.300000E+00  4.418834E-04  3.113645E-03
  4.400000E+00  4.210616E-04  2.966928E-03
  4.500000E+00  3.771654E-04  2.657623E-03
  4.600000E+00  3.230219E-04  2.276111E-03
  4.700000E+00  2.655710E-04  1.871294E-03
  4.800000E+00  2.073323E-04  1.460926E-03
  4.900000E+00  1.526081E-04  1.075323E-03
  5.000000E+00  1.067291E-04  7.520459E-04
  5.100000E+00  7.330292E-05  5.165147E-04
  5.200000E+00  5.133532E-05  3.617243E-04
  5.300000E+00  2.718314E-05  1.915407E-04
  5.400000E+00 -1.856078E-05 -1.307849E-04
  5.500000E+00 -9.148467E-05 -6.446288E-04
  5.600000E+00 -1.768454E-04 -1.246107E-03
  5.700000E+00 -2.604975E-04 -1.835544E-03
  5.800000E+00 -3.424547E-04 -2.413040E-03
  5.900000E+00 -4.258332E-04 -3.000551E-03
  6.000000E+00 -5.059411E-04 -3.565015E-03
  6.100000E+00 -5.776423E-04 -4.070243E-03
  6.200000E+00 -6.400805E-04 -4.510202E-03
  6.300000E+00 -6.961774E-04 -4.905478E-03
  6.400000E+00 -7.497761E-04 -5.283151E-03
  6.500000E+00 -7.966531E-04 -5.613460E-03
  6.600000E+00 -8.289425E-04 -5.840981E-03
  6.700000E+00 -8.458888E-04 -5.960390E-03
  6.800000E+00 -8.510297E-04 -5.996614E-03
  6.900000E+00 -8.455100E-04 -5.957721E-03
  7.000000E+00 -8.305178E-04 -5.852081E-03
  7.100000E+00 -8.103548E-04 -5.710006E-03
  7.200000E+00 -7.875009E-04 -5.548971E-03
  7.300000E+00 -7.567675E-04 -5.332414E-03
  7.400000E+00 -7.121356E-04 -5.017924E-03
  7.500000E+00 -6.536400E-04 -4.605747E-03
  7.600000E+00 -5.864159E-04 -4.132065E-03
  7.700000E+00 -5.157855E-04 -3.634382E-03
  7.800000E+00 -4.427598E-04 -3.119820E-03
  7.900000E+00 -3.657391E-04 -2.577109E-03
  8.000000E+00 -2.865047E-04 -2.018799E-03
  8.100000E+00 -2.072866E-04 -1.460604E-03
  8.200000E+00 -1.276470E-04 -8.994398E-04
  8.300000E+00 -4.891013E-05 -3.446357E-04
  8.400000E+00  2.756406E-05  1.942247E-04
  8.500000E+00  1.023952E-04  7.215077E-04
  8.600000E+00  1.710844E-04  1.205513E-03
  8.700000E+00  2.254966E-04  1.588918E-03
  8.800000E+00  2.595257E-04  1.828697E-03
  8.900000E+00  2.690536E-04  1.895833E-03
  9.000000E+00  2.433025E-04  1.714383E-03
  9.100000E+00  1.726322E-04  1.216419E-03
  9.200000E+00  6.381098E-05  4.496316E-04
  9.300000E+00 -5.960950E-05 -4.200267E-04
  9.400000E+00 -1.767152E-04 -1.245189E-03
  9.500000E+00 -2.801670E-04 -1.974142E-03
  9.600000E+00 -3.707691E-04 -2.612552E-03
  9.700000E+00 -4.440072E-04 -3.128610E-03
  9.800000E+00 -4.957014E-04 -3.492863E-03
  9.900000E+00 -5.255736E-04 -3.703351E-03


all species
  0.000000E+00  1.419184E-01  1.000000E+00
  1.000000E-01  1.360256E-01  9.584780E-01
  2.000000E-01  1.217816E-01  8.581103E-01
  3.000000E-01  1.045570E-01  7.367406E-01
  4.000000E-01  8.750295E-02  6.165724E-01
  5.000000E-01  7.161709E-02  5.046358E-01
  6.000000E-01  5.723649E-02  4.033057E-01
  7.000000E-01  4.466587E-02  3.147293E-01
  8.000000E-01  3.406310E-02  2.400189E-01
  9.000000E-01  2.537519E-02  1.788013E-01
  1.000000E+00  1.843584E-02  1.299045E-01
  1.100000E+00  1.301927E-02  9.173774E-02
  1.200000E+00  8.864191E-03  6.245979E-02
  1.300000E+00  5.732198E-03  4.039081E-02
  1.400000E+00  3.438740E-03  2.423041E-02
  1.500000E+00  1.822801E-03  1.284401E-02
  1.600000E+00  7.281898E-04  5.131047E-03
  1.700000E+00  1.715417E-05  1.208735E-04
  1.800000E+00 -4.156443E-04 -2.928756E-03
  1.900000E+00 -6.487325E-04 -4.571167E-03
  2.000000E+00 -7.497391E-04 -5.282890E-03
  2.100000E+00 -7.775427E-04 -5.478803E-03
  2.200000E+00 -7.689175E-04 -5.418027E-03
  2.300000E+00 -7.421090E-04 -5.229126E-03
  2.400000E+00 -7.090165E-04 -4.995946E-03
  2.500000E+00 -6.784498E-04 -4.780564E-03
  2.600000E+00 -6.516836E-04 -4.591961E-03
  2.700000E+00 -6.259380E-04 -4.410550E-03
  2.800000E+00 -5.970681E-04 -4.207123E-03
  2.900000E+00 -5.600534E-04 -3.946307E-03
  3.000000E+00 -5.179280E-04 -3.649478E-03
  3.100000E+00 -4.740470E-04 -3.340279E-03
  3.200000E+00 -4.245833E-04 -2.991743E-03
  3.300000E+00 -3.684382E-04 -2.596128E-03
  3.400000E+00 -3.114682E-04 -2.194700E-03
  3.500000E+00 -2.530444E-04 -1.783028E-03
  3.600000E+00 -1.823259E-04 -1.284724E-03
  3.700000E+00 -8.931025E-05 -6.293072E-04
  3.800000E+00  2.772889E-05  1.953862E-04
  3.900000E+00  1.574229E-04  1.109250E-03
  4.000000E+00  2.789960E-04  1.965891E-03
  4.100000E+00  3.725148E-04  2.624853E-03
  4.200000E+00  4.275509E-04  3.012654E-03
  4.300000E+00  4.418834E-04  3.113645E-03
  4.400000E+00  4.210616E-04  2.966928E-03
  4.500000E+00  3.771654E-04  2.657623E-03
  4.600000E+00  3.230219E-04  2.276111E-03
  4.700000E+00  2.655710E-04  1.871294E-03
  4.800000E+00  2.073323E-04  1.460926E-03
  4.900000E+00  1.526081E-04  1.075323E-03
  5.000000E+00  1.067291E-04  7.520459E-04
  5.100000E+00  7.330292E-05  5.165147E-04
  5.200000E+00  5.133532E-05  3.617243E-04
  5.300000E+00  2.718314E-05  1.915407E-04
  5.400000E+00 -1.856078E-05 -1.307849E-04
  5.500000E+00 -9.148467E-05 -6.446288E-04
  5.600000E+00 -1.768454E-04 -1.246107E-03
  5.700000E+00 -2.604975E-04 -1.835544E-03
  5.800000E+00 -3.424547E-04 -2.413040E-03
  5.900000E+00 -4.258332E-04 -3.000551E-03
  6.000000E+00 -5.059411E-04 -3.565015E-03
  6.100000E+00 -5.776423E-04 -4.070243E-03
  6.200000E+00 -6.400805E-04 -4.510202E-03
  6.300000E+00 -6.961774E-04 -4.905478E-03
  6.400000E+00 -7.497761E-04 -5.283151E-03
  6.500000E+00 -7.966531E-04 -5.613460E-03
  6.600000E+00 -8.289425E-04 -5.840981E-03
  6.700000E+00 -8.458888E-04 -5.960390E-03
  6.800000E+00 -8.510297E-04 -5.996614E-03
  6.900000E+00 -8.455100E-04 -5.957721E-03
  7.000000E+00 -8.305178E-04 -5.852081E-03
  7.100000E+00 -8.103548E-04 -5.710006E-03
  7.200000E+00 -7.875009E-04 -5.548971E-03
  7.300000E+00 -7.567675E-04 -5.332414E-03
  7.400000E+00 -7.121356E-04 -5.017924E-03
  7.500000E+00 -6.536400E-04 -4.605747E-03
  7.600000E+00 -5.864159E-04 -4.132065E-03
  7.700000E+00 -5.157855E-04 -3.634382E-03
  7.800000E+00 -4.427598E-04 -3.119820E-03
  7.900000E+00 -3.657391E-04 -2.577109E-03
  8.000000E+00 -2.865047E-04 -2.018799E-03
  8.100000E+00 -2.072866E-04 -1.460604E-03
  8.200000E+00 -1.276470E-04 -8.994398E-04
  8.300000E+00 -4.891013E-05 -3.446357E-04
  8.400000E+00  2.756406E-05  1.942247E-04
  8.500000E+00  1.023952E-04  7.215077E-04
  8.600000E+00  1.710844E-04  1.205513E-03
  8.700000E+00  2.254966E-04  1.588918E-03
  8.800000E+00  2.595257E-04  1.828697E-03
  8.900000E+00  2.690536E-04  1.895833E-03
  9.000000E+00  2.433025E-04  1.714383E-03
  9.100000E+00  1.726322E-04  1.216419E-03
  9.200000E+00  6.381098E-05  4.496316E-04
  9.300000E+00 -5.960950E-05 -4.200267E-04
  9.400000E+00 -1.767152E-04 -1.245189E-03
  9.500000E+00 -2.801670E-04 -1.974142E-03
  9.600000E+00 -3.707691E-04 -2.612552E-03
  9.700000E+00 -4.440072E-04 -3.128610E-03
  9.800000E+00 -4.957014E-04 -3.492863E-03
  9.900000E+00 -5.255736E-04 -3.703351E-03


