DL_MESO charged harmonic dimers with dpd repulsion                              
      5001       100


DIMER   
  0.000000E+00  6.013063E+00  0.000000E+00
  6.283185E-01  5.915405E+00 -1.378369E+00
  1.256637E+00  5.283007E+00 -2.365590E+00
  1.884956E+00  4.077657E+00 -3.150028E+00
  2.513274E+00  3.076368E+00 -3.326590E+00
  3.141593E+00  2.244706E+00 -3.195932E+00
  3.769911E+00  1.631808E+00 -2.873471E+00
  4.398230E+00  1.273571E+00 -2.521504E+00
  5.026548E+00  1.024723E+00 -2.219809E+00
  5.654867E+00  8.805952E-01 -1.950491E+00
  6.283185E+00  7.755784E-01 -1.741887E+00
  6.911504E+00  7.042265E-01 -1.555086E+00
  7.539822E+00  6.571065E-01 -1.405176E+00
  8.168141E+00  6.233721E-01 -1.278271E+00
  8.796459E+00  5.978669E-01 -1.166923E+00
  9.424778E+00  5.803709E-01 -1.074342E+00
  1.005310E+01  5.647625E-01 -9.916106E-01
  1.068142E+01  5.544283E-01 -9.187156E-01
  1.130973E+01  5.439138E-01 -8.534868E-01
  1.193805E+01  5.363265E-01 -7.949465E-01
  1.256637E+01  5.295748E-01 -7.408283E-01
  1.319469E+01  5.241955E-01 -6.921349E-01
  1.382301E+01  5.195966E-01 -6.460320E-01
  1.445133E+01  5.161103E-01 -6.045771E-01
  1.507964E+01  5.134998E-01 -5.659699E-01
  1.570796E+01  5.108427E-01 -5.300019E-01
  1.633628E+01  5.089103E-01 -4.964141E-01
  1.696460E+01  5.072674E-01 -4.648199E-01
  1.759292E+01  5.061084E-01 -4.349762E-01
  1.822124E+01  5.051536E-01 -4.067035E-01
  1.884956E+01  5.045850E-01 -3.800904E-01
  1.947787E+01  5.039817E-01 -3.547054E-01
  2.010619E+01  5.035939E-01 -3.305722E-01
  2.073451E+01  5.033642E-01 -3.075300E-01
  2.136283E+01  5.031325E-01 -2.854619E-01
  2.199115E+01  5.029484E-01 -2.642123E-01
  2.261947E+01  5.028057E-01 -2.437029E-01
  2.324779E+01  5.026782E-01 -2.238903E-01
  2.387610E+01  5.025947E-01 -2.046504E-01
  2.450442E+01  5.025137E-01 -1.859274E-01
  2.513274E+01  5.024585E-01 -1.676762E-01
  2.576106E+01  5.024083E-01 -1.498335E-01
  2.638938E+01  5.023616E-01 -1.323442E-01
  2.701770E+01  5.023234E-01 -1.151626E-01
  2.764602E+01  5.023003E-01 -9.823595E-02
  2.827433E+01  5.022804E-01 -8.154231E-02
  2.890265E+01  5.022591E-01 -6.501817E-02
  2.953097E+01  5.022437E-01 -4.863734E-02
  3.015929E+01  5.022386E-01 -3.236508E-02
  3.078761E+01  5.022283E-01 -1.616288E-02
  3.141593E+01  5.022294E-01  0.000000E+00
  3.204425E+01  5.022283E-01  1.616288E-02
  3.267256E+01  5.022386E-01  3.236508E-02
  3.330088E+01  5.022437E-01  4.863734E-02
  3.392920E+01  5.022591E-01  6.501817E-02
  3.455752E+01  5.022804E-01  8.154231E-02
  3.518584E+01  5.023003E-01  9.823595E-02
  3.581416E+01  5.023234E-01  1.151626E-01
  3.644247E+01  5.023616E-01  1.323442E-01
  3.707079E+01  5.024083E-01  1.498335E-01
  3.769911E+01  5.024585E-01  1.676762E-01
  3.832743E+01  5.025137E-01  1.859274E-01
  3.895575E+01  5.025947E-01  2.046504E-01
  3.958407E+01  5.026782E-01  2.238903E-01
  4.021239E+01  5.028057E-01  2.437029E-01
  4.084070E+01  5.029484E-01  2.642123E-01
  4.146902E+01  5.031325E-01  2.854619E-01
  4.209734E+01  5.033642E-01  3.075300E-01
  4.272566E+01  5.035939E-01  3.305722E-01
  4.335398E+01  5.039817E-01  3.547054E-01
  4.398230E+01  5.045850E-01  3.800904E-01
  4.461062E+01  5.051536E-01  4.067035E-01
  4.523893E+01  5.061084E-01  4.349762E-01
  4.586725E+01  5.072674E-01  4.648199E-01
  4.649557E+01  5.089103E-01  4.964141E-01
  4.712389E+01  5.108427E-01  5.300019E-01
  4.775221E+01  5.134998E-01  5.659699E-01
  4.838053E+01  5.161103E-01  6.045771E-01
  4.900885E+01  5.195966E-01  6.460320E-01
  4.963716E+01  5.241955E-01  6.921349E-01
  5.026548E+01  5.295748E-01  7.408283E-01
  5.089380E+01  5.363265E-01  7.949465E-01
  5.152212E+01  5.439138E-01  8.534868E-01
  5.215044E+01  5.544283E-01  9.187156E-01
  5.277876E+01  5.647625E-01  9.916106E-01
  5.340708E+01  5.803709E-01  1.074342E+00
  5.403539E+01  5.978669E-01  1.166923E+00
  5.466371E+01  6.233721E-01  1.278271E+00
  5.529203E+01  6.571065E-01  1.405176E+00
  5.592035E+01  7.042265E-01  1.555086E+00
  5.654867E+01  7.755784E-01  1.741887E+00
  5.717699E+01  8.805952E-01  1.950491E+00
  5.780530E+01  1.024723E+00  2.219809E+00
  5.843362E+01  1.273571E+00  2.521504E+00
  5.906194E+01  1.631808E+00  2.873471E+00
  5.969026E+01  2.244706E+00  3.195932E+00
  6.031858E+01  3.076368E+00  3.326590E+00
  6.094690E+01  4.077657E+00  3.150028E+00
  6.157522E+01  5.283007E+00  2.365590E+00
  6.220353E+01  5.915405E+00  1.378369E+00


all species
  0.000000E+00  6.013063E+00  0.000000E+00
  6.283185E-01  5.915405E+00 -1.378369E+00
  1.256637E+00  5.283007E+00 -2.365590E+00
  1.884956E+00  4.077657E+00 -3.150028E+00
  2.513274E+00  3.076368E+00 -3.326590E+00
  3.141593E+00  2.244706E+00 -3.195932E+00
  3.769911E+00  1.631808E+00 -2.873471E+00
  4.398230E+00  1.273571E+00 -2.521504E+00
  5.026548E+00  1.024723E+00 -2.219809E+00
  5.654867E+00  8.805952E-01 -1.950491E+00
  6.283185E+00  7.755784E-01 -1.741887E+00
  6.911504E+00  7.042265E-01 -1.555086E+00
  7.539822E+00  6.571065E-01 -1.405176E+00
  8.168141E+00  6.233721E-01 -1.278271E+00
  8.796459E+00  5.978669E-01 -1.166923E+00
  9.424778E+00  5.803709E-01 -1.074342E+00
  1.005310E+01  5.647625E-01 -9.916106E-01
  1.068142E+01  5.544283E-01 -9.187156E-01
  1.130973E+01  5.439138E-01 -8.534868E-01
  1.193805E+01  5.363265E-01 -7.949465E-01
  1.256637E+01  5.295748E-01 -7.408283E-01
  1.319469E+01  5.241955E-01 -6.921349E-01
  1.382301E+01  5.195966E-01 -6.460320E-01
  1.445133E+01  5.161103E-01 -6.045771E-01
  1.507964E+01  5.134998E-01 -5.659699E-01
  1.570796E+01  5.108427E-01 -5.300019E-01
  1.633628E+01  5.089103E-01 -4.964141E-01
  1.696460E+01  5.072674E-01 -4.648199E-01
  1.759292E+01  5.061084E-01 -4.349762E-01
  1.822124E+01  5.051536E-01 -4.067035E-01
  1.884956E+01  5.045850E-01 -3.800904E-01
  1.947787E+01  5.039817E-01 -3.547054E-01
  2.010619E+01  5.035939E-01 -3.305722E-01
  2.073451E+01  5.033642E-01 -3.075300E-01
  2.136283E+01  5.031325E-01 -2.854619E-01
  2.199115E+01  5.029484E-01 -2.642123E-01
  2.261947E+01  5.028057E-01 -2.437029E-01
  2.324779E+01  5.026782E-01 -2.238903E-01
  2.387610E+01  5.025947E-01 -2.046504E-01
  2.450442E+01  5.025137E-01 -1.859274E-01
  2.513274E+01  5.024585E-01 -1.676762E-01
  2.576106E+01  5.024083E-01 -1.498335E-01
  2.638938E+01  5.023616E-01 -1.323442E-01
  2.701770E+01  5.023234E-01 -1.151626E-01
  2.764602E+01  5.023003E-01 -9.823595E-02
  2.827433E+01  5.022804E-01 -8.154231E-02
  2.890265E+01  5.022591E-01 -6.501817E-02
  2.953097E+01  5.022437E-01 -4.863734E-02
  3.015929E+01  5.022386E-01 -3.236508E-02
  3.078761E+01  5.022283E-01 -1.616288E-02
  3.141593E+01  5.022294E-01  0.000000E+00
  3.204425E+01  5.022283E-01  1.616288E-02
  3.267256E+01  5.022386E-01  3.236508E-02
  3.330088E+01  5.022437E-01  4.863734E-02
  3.392920E+01  5.022591E-01  6.501817E-02
  3.455752E+01  5.022804E-01  8.154231E-02
  3.518584E+01  5.023003E-01  9.823595E-02
  3.581416E+01  5.023234E-01  1.151626E-01
  3.644247E+01  5.023616E-01  1.323442E-01
  3.707079E+01  5.024083E-01  1.498335E-01
  3.769911E+01  5.024585E-01  1.676762E-01
  3.832743E+01  5.025137E-01  1.859274E-01
  3.895575E+01  5.025947E-01  2.046504E-01
  3.958407E+01  5.026782E-01  2.238903E-01
  4.021239E+01  5.028057E-01  2.437029E-01
  4.084070E+01  5.029484E-01  2.642123E-01
  4.146902E+01  5.031325E-01  2.854619E-01
  4.209734E+01  5.033642E-01  3.075300E-01
  4.272566E+01  5.035939E-01  3.305722E-01
  4.335398E+01  5.039817E-01  3.547054E-01
  4.398230E+01  5.045850E-01  3.800904E-01
  4.461062E+01  5.051536E-01  4.067035E-01
  4.523893E+01  5.061084E-01  4.349762E-01
  4.586725E+01  5.072674E-01  4.648199E-01
  4.649557E+01  5.089103E-01  4.964141E-01
  4.712389E+01  5.108427E-01  5.300019E-01
  4.775221E+01  5.134998E-01  5.659699E-01
  4.838053E+01  5.161103E-01  6.045771E-01
  4.900885E+01  5.195966E-01  6.460320E-01
  4.963716E+01  5.241955E-01  6.921349E-01
  5.026548E+01  5.295748E-01  7.408283E-01
  5.089380E+01  5.363265E-01  7.949465E-01
  5.152212E+01  5.439138E-01  8.534868E-01
  5.215044E+01  5.544283E-01  9.187156E-01
  5.277876E+01  5.647625E-01  9.916106E-01
  5.340708E+01  5.803709E-01  1.074342E+00
  5.403539E+01  5.978669E-01  1.166923E+00
  5.466371E+01  6.233721E-01  1.278271E+00
  5.529203E+01  6.571065E-01  1.405176E+00
  5.592035E+01  7.042265E-01  1.555086E+00
  5.654867E+01  7.755784E-01  1.741887E+00
  5.717699E+01  8.805952E-01  1.950491E+00
  5.780530E+01  1.024723E+00  2.219809E+00
  5.843362E+01  1.273571E+00  2.521504E+00
  5.906194E+01  1.631808E+00  2.873471E+00
  5.969026E+01  2.244706E+00  3.195932E+00
  6.031858E+01  3.076368E+00  3.326590E+00
  6.094690E+01  4.077657E+00  3.150028E+00
  6.157522E+01  5.283007E+00  2.365590E+00
  6.220353E+01  5.915405E+00  1.378369E+00


