DL_MESO charged harmonic dimers with dpd repulsion                              
      5001       100


DIMER   
  0.000000E+00  5.757016E+00  0.000000E+00
  6.283185E-01  5.682940E+00 -1.682430E+00
  1.256637E+00  4.084017E+00 -2.585684E+00
  1.884956E+00  3.921155E+00 -3.116275E+00
  2.513274E+00  3.381181E+00 -3.800208E+00
  3.141593E+00  2.320091E+00 -3.074025E+00
  3.769911E+00  1.751324E+00 -3.126105E+00
  4.398230E+00  1.443640E+00 -2.653086E+00
  5.026548E+00  1.105522E+00 -2.423820E+00
  5.654867E+00  9.472693E-01 -2.056408E+00
  6.283185E+00  8.125952E-01 -1.831597E+00
  6.911504E+00  7.275970E-01 -1.633129E+00
  7.539822E+00  6.606671E-01 -1.536376E+00
  8.168141E+00  6.480422E-01 -1.358277E+00
  8.796459E+00  6.210702E-01 -1.234547E+00
  9.424778E+00  5.924885E-01 -1.134352E+00
  1.005310E+01  5.724508E-01 -1.042196E+00
  1.068142E+01  5.704212E-01 -9.585369E-01
  1.130973E+01  5.607405E-01 -8.874707E-01
  1.193805E+01  5.512599E-01 -8.292679E-01
  1.256637E+01  5.468123E-01 -7.715355E-01
  1.319469E+01  5.428349E-01 -7.178715E-01
  1.382301E+01  5.395642E-01 -6.735005E-01
  1.445133E+01  5.373685E-01 -6.295044E-01
  1.507964E+01  5.351580E-01 -5.905149E-01
  1.570796E+01  5.331802E-01 -5.526165E-01
  1.633628E+01  5.314145E-01 -5.169537E-01
  1.696460E+01  5.316434E-01 -4.840477E-01
  1.759292E+01  5.304420E-01 -4.532839E-01
  1.822124E+01  5.286025E-01 -4.241485E-01
  1.884956E+01  5.291148E-01 -3.966303E-01
  1.947787E+01  5.289915E-01 -3.702903E-01
  2.010619E+01  5.283830E-01 -3.451956E-01
  2.073451E+01  5.276600E-01 -3.210373E-01
  2.136283E+01  5.277117E-01 -2.981852E-01
  2.199115E+01  5.272873E-01 -2.758638E-01
  2.261947E+01  5.275231E-01 -2.545843E-01
  2.324779E+01  5.271828E-01 -2.338742E-01
  2.387610E+01  5.272404E-01 -2.138855E-01
  2.450442E+01  5.271388E-01 -1.941916E-01
  2.513274E+01  5.270261E-01 -1.751950E-01
  2.576106E+01  5.269029E-01 -1.566022E-01
  2.638938E+01  5.269708E-01 -1.384202E-01
  2.701770E+01  5.268942E-01 -1.203513E-01
  2.764602E+01  5.268449E-01 -1.026791E-01
  2.827433E+01  5.268319E-01 -8.528292E-02
  2.890265E+01  5.268160E-01 -6.798063E-02
  2.953097E+01  5.267298E-01 -5.090833E-02
  3.015929E+01  5.267343E-01 -3.389452E-02
  3.078761E+01  5.266961E-01 -1.685689E-02
  3.141593E+01  5.266393E-01  0.000000E+00
  3.204425E+01  5.266961E-01  1.685689E-02
  3.267256E+01  5.267343E-01  3.389452E-02
  3.330088E+01  5.267298E-01  5.090833E-02
  3.392920E+01  5.268160E-01  6.798063E-02
  3.455752E+01  5.268319E-01  8.528292E-02
  3.518584E+01  5.268449E-01  1.026791E-01
  3.581416E+01  5.268942E-01  1.203513E-01
  3.644247E+01  5.269708E-01  1.384202E-01
  3.707079E+01  5.269029E-01  1.566022E-01
  3.769911E+01  5.270261E-01  1.751950E-01
  3.832743E+01  5.271388E-01  1.941916E-01
  3.895575E+01  5.272404E-01  2.138855E-01
  3.958407E+01  5.271828E-01  2.338742E-01
  4.021239E+01  5.275231E-01  2.545843E-01
  4.084070E+01  5.272873E-01  2.758638E-01
  4.146902E+01  5.277117E-01  2.981852E-01
  4.209734E+01  5.276600E-01  3.210373E-01
  4.272566E+01  5.283830E-01  3.451956E-01
  4.335398E+01  5.289915E-01  3.702903E-01
  4.398230E+01  5.291148E-01  3.966303E-01
  4.461062E+01  5.286025E-01  4.241485E-01
  4.523893E+01  5.304420E-01  4.532839E-01
  4.586725E+01  5.316434E-01  4.840477E-01
  4.649557E+01  5.314145E-01  5.169537E-01
  4.712389E+01  5.331802E-01  5.526165E-01
  4.775221E+01  5.351580E-01  5.905149E-01
  4.838053E+01  5.373685E-01  6.295044E-01
  4.900885E+01  5.395642E-01  6.735005E-01
  4.963716E+01  5.428349E-01  7.178715E-01
  5.026548E+01  5.468123E-01  7.715355E-01
  5.089380E+01  5.512599E-01  8.292679E-01
  5.152212E+01  5.607405E-01  8.874707E-01
  5.215044E+01  5.704212E-01  9.585369E-01
  5.277876E+01  5.724508E-01  1.042196E+00
  5.340708E+01  5.924885E-01  1.134352E+00
  5.403539E+01  6.210702E-01  1.234547E+00
  5.466371E+01  6.480422E-01  1.358277E+00
  5.529203E+01  6.606671E-01  1.536376E+00
  5.592035E+01  7.275970E-01  1.633129E+00
  5.654867E+01  8.125952E-01  1.831597E+00
  5.717699E+01  9.472693E-01  2.056408E+00
  5.780530E+01  1.105522E+00  2.423820E+00
  5.843362E+01  1.443640E+00  2.653086E+00
  5.906194E+01  1.751324E+00  3.126105E+00
  5.969026E+01  2.320091E+00  3.074025E+00
  6.031858E+01  3.381181E+00  3.800208E+00
  6.094690E+01  3.921155E+00  3.116275E+00
  6.157522E+01  4.084017E+00  2.585684E+00
  6.220353E+01  5.682940E+00  1.682430E+00


all species
  0.000000E+00  5.757016E+00  0.000000E+00
  6.283185E-01  5.682940E+00 -1.682430E+00
  1.256637E+00  4.084017E+00 -2.585684E+00
  1.884956E+00  3.921155E+00 -3.116275E+00
  2.513274E+00  3.381181E+00 -3.800208E+00
  3.141593E+00  2.320091E+00 -3.074025E+00
  3.769911E+00  1.751324E+00 -3.126105E+00
  4.398230E+00  1.443640E+00 -2.653086E+00
  5.026548E+00  1.105522E+00 -2.423820E+00
  5.654867E+00  9.472693E-01 -2.056408E+00
  6.283185E+00  8.125952E-01 -1.831597E+00
  6.911504E+00  7.275970E-01 -1.633129E+00
  7.539822E+00  6.606671E-01 -1.536376E+00
  8.168141E+00  6.480422E-01 -1.358277E+00
  8.796459E+00  6.210702E-01 -1.234547E+00
  9.424778E+00  5.924885E-01 -1.134352E+00
  1.005310E+01  5.724508E-01 -1.042196E+00
  1.068142E+01  5.704212E-01 -9.585369E-01
  1.130973E+01  5.607405E-01 -8.874707E-01
  1.193805E+01  5.512599E-01 -8.292679E-01
  1.256637E+01  5.468123E-01 -7.715355E-01
  1.319469E+01  5.428349E-01 -7.178715E-01
  1.382301E+01  5.395642E-01 -6.735005E-01
  1.445133E+01  5.373685E-01 -6.295044E-01
  1.507964E+01  5.351580E-01 -5.905149E-01
  1.570796E+01  5.331802E-01 -5.526165E-01
  1.633628E+01  5.314145E-01 -5.169537E-01
  1.696460E+01  5.316434E-01 -4.840477E-01
  1.759292E+01  5.304420E-01 -4.532839E-01
  1.822124E+01  5.286025E-01 -4.241485E-01
  1.884956E+01  5.291148E-01 -3.966303E-01
  1.947787E+01  5.289915E-01 -3.702903E-01
  2.010619E+01  5.283830E-01 -3.451956E-01
  2.073451E+01  5.276600E-01 -3.210373E-01
  2.136283E+01  5.277117E-01 -2.981852E-01
  2.199115E+01  5.272873E-01 -2.758638E-01
  2.261947E+01  5.275231E-01 -2.545843E-01
  2.324779E+01  5.271828E-01 -2.338742E-01
  2.387610E+01  5.272404E-01 -2.138855E-01
  2.450442E+01  5.271388E-01 -1.941916E-01
  2.513274E+01  5.270261E-01 -1.751950E-01
  2.576106E+01  5.269029E-01 -1.566022E-01
  2.638938E+01  5.269708E-01 -1.384202E-01
  2.701770E+01  5.268942E-01 -1.203513E-01
  2.764602E+01  5.268449E-01 -1.026791E-01
  2.827433E+01  5.268319E-01 -8.528292E-02
  2.890265E+01  5.268160E-01 -6.798063E-02
  2.953097E+01  5.267298E-01 -5.090833E-02
  3.015929E+01  5.267343E-01 -3.389452E-02
  3.078761E+01  5.266961E-01 -1.685689E-02
  3.141593E+01  5.266393E-01  0.000000E+00
  3.204425E+01  5.266961E-01  1.685689E-02
  3.267256E+01  5.267343E-01  3.389452E-02
  3.330088E+01  5.267298E-01  5.090833E-02
  3.392920E+01  5.268160E-01  6.798063E-02
  3.455752E+01  5.268319E-01  8.528292E-02
  3.518584E+01  5.268449E-01  1.026791E-01
  3.581416E+01  5.268942E-01  1.203513E-01
  3.644247E+01  5.269708E-01  1.384202E-01
  3.707079E+01  5.269029E-01  1.566022E-01
  3.769911E+01  5.270261E-01  1.751950E-01
  3.832743E+01  5.271388E-01  1.941916E-01
  3.895575E+01  5.272404E-01  2.138855E-01
  3.958407E+01  5.271828E-01  2.338742E-01
  4.021239E+01  5.275231E-01  2.545843E-01
  4.084070E+01  5.272873E-01  2.758638E-01
  4.146902E+01  5.277117E-01  2.981852E-01
  4.209734E+01  5.276600E-01  3.210373E-01
  4.272566E+01  5.283830E-01  3.451956E-01
  4.335398E+01  5.289915E-01  3.702903E-01
  4.398230E+01  5.291148E-01  3.966303E-01
  4.461062E+01  5.286025E-01  4.241485E-01
  4.523893E+01  5.304420E-01  4.532839E-01
  4.586725E+01  5.316434E-01  4.840477E-01
  4.649557E+01  5.314145E-01  5.169537E-01
  4.712389E+01  5.331802E-01  5.526165E-01
  4.775221E+01  5.351580E-01  5.905149E-01
  4.838053E+01  5.373685E-01  6.295044E-01
  4.900885E+01  5.395642E-01  6.735005E-01
  4.963716E+01  5.428349E-01  7.178715E-01
  5.026548E+01  5.468123E-01  7.715355E-01
  5.089380E+01  5.512599E-01  8.292679E-01
  5.152212E+01  5.607405E-01  8.874707E-01
  5.215044E+01  5.704212E-01  9.585369E-01
  5.277876E+01  5.724508E-01  1.042196E+00
  5.340708E+01  5.924885E-01  1.134352E+00
  5.403539E+01  6.210702E-01  1.234547E+00
  5.466371E+01  6.480422E-01  1.358277E+00
  5.529203E+01  6.606671E-01  1.536376E+00
  5.592035E+01  7.275970E-01  1.633129E+00
  5.654867E+01  8.125952E-01  1.831597E+00
  5.717699E+01  9.472693E-01  2.056408E+00
  5.780530E+01  1.105522E+00  2.423820E+00
  5.843362E+01  1.443640E+00  2.653086E+00
  5.906194E+01  1.751324E+00  3.126105E+00
  5.969026E+01  2.320091E+00  3.074025E+00
  6.031858E+01  3.381181E+00  3.800208E+00
  6.094690E+01  3.921155E+00  3.116275E+00
  6.157522E+01  4.084017E+00  2.585684E+00
  6.220353E+01  5.682940E+00  1.682430E+00


