DL_MESO charged harmonic dimers with dpd repulsion                              
      5001       100


DIMER   
  0.000000E+00  1.462829E+01  1.000000E+00
  1.000000E-01  1.403865E+01  9.596923E-01
  2.000000E-01  1.258271E+01  8.601627E-01
  3.000000E-01  1.074853E+01  7.347772E-01
  4.000000E-01  8.870221E+00  6.063746E-01
  5.000000E-01  7.113151E+00  4.862601E-01
  6.000000E-01  5.559272E+00  3.800358E-01
  7.000000E-01  4.250179E+00  2.905452E-01
  8.000000E-01  3.187677E+00  2.179119E-01
  9.000000E-01  2.349055E+00  1.605831E-01
  1.000000E+00  1.700526E+00  1.162491E-01
  1.100000E+00  1.211384E+00  8.281109E-02
  1.200000E+00  8.565491E-01  5.855430E-02
  1.300000E+00  6.118685E-01  4.182776E-02
  1.400000E+00  4.513266E-01  3.085300E-02
  1.500000E+00  3.532440E-01  2.414801E-02
  1.600000E+00  2.980371E-01  2.037403E-02
  1.700000E+00  2.682250E-01  1.833605E-02
  1.800000E+00  2.522217E-01  1.724205E-02
  1.900000E+00  2.453635E-01  1.677322E-02
  2.000000E+00  2.472475E-01  1.690201E-02
  2.100000E+00  2.578521E-01  1.762695E-02
  2.200000E+00  2.736647E-01  1.870791E-02
  2.300000E+00  2.911922E-01  1.990610E-02
  2.400000E+00  3.151949E-01  2.154695E-02
  2.500000E+00  3.487536E-01  2.384104E-02
  2.600000E+00  3.841442E-01  2.626037E-02
  2.700000E+00  4.091505E-01  2.796982E-02
  2.800000E+00  4.152852E-01  2.838919E-02
  2.900000E+00  3.981487E-01  2.721773E-02
  3.000000E+00  3.604759E-01  2.464239E-02
  3.100000E+00  3.137037E-01  2.144500E-02
  3.200000E+00  2.681442E-01  1.833053E-02
  3.300000E+00  2.229647E-01  1.524202E-02
  3.400000E+00  1.730308E-01  1.182851E-02
  3.500000E+00  1.172453E-01  8.014975E-03
  3.600000E+00  5.542495E-02  3.788889E-03
  3.700000E+00 -1.271015E-02 -8.688750E-04
  3.800000E+00 -8.260273E-02 -5.646781E-03
  3.900000E+00 -1.485907E-01 -1.015777E-02
  4.000000E+00 -2.066777E-01 -1.412863E-02
  4.100000E+00 -2.557245E-01 -1.748151E-02
  4.200000E+00 -2.981821E-01 -2.038394E-02
  4.300000E+00 -3.361946E-01 -2.298250E-02
  4.400000E+00 -3.691660E-01 -2.523645E-02
  4.500000E+00 -3.932665E-01 -2.688398E-02
  4.600000E+00 -4.021169E-01 -2.748900E-02
  4.700000E+00 -3.894499E-01 -2.662307E-02
  4.800000E+00 -3.525050E-01 -2.409749E-02
  4.900000E+00 -2.896841E-01 -1.980301E-02
  5.000000E+00 -2.052931E-01 -1.403398E-02
  5.100000E+00 -1.147455E-01 -7.844087E-03
  5.200000E+00 -3.374666E-02 -2.306945E-03
  5.300000E+00  2.450225E-02  1.674991E-03
  5.400000E+00  5.137055E-02  3.511727E-03
  5.500000E+00  4.836264E-02  3.306104E-03
  5.600000E+00  2.145574E-02  1.466730E-03
  5.700000E+00 -2.070019E-02 -1.415079E-03
  5.800000E+00 -6.708687E-02 -4.586106E-03
  5.900000E+00 -1.123408E-01 -7.679695E-03
  6.000000E+00 -1.572791E-01 -1.075171E-02
  6.100000E+00 -2.018561E-01 -1.379902E-02
  6.200000E+00 -2.403440E-01 -1.643008E-02
  6.300000E+00 -2.635654E-01 -1.801752E-02
  6.400000E+00 -2.668731E-01 -1.824363E-02
  6.500000E+00 -2.498485E-01 -1.707982E-02
  6.600000E+00 -2.124099E-01 -1.452049E-02
  6.700000E+00 -1.557814E-01 -1.064932E-02
  6.800000E+00 -8.726850E-02 -5.965736E-03
  6.900000E+00 -1.462812E-02 -9.999886E-04
  7.000000E+00  5.172135E-02  3.535708E-03
  7.100000E+00  1.042259E-01  7.124955E-03
  7.200000E+00  1.430724E-01  9.780528E-03
  7.300000E+00  1.790984E-01  1.224329E-02
  7.400000E+00  2.205694E-01  1.507828E-02
  7.500000E+00  2.629153E-01  1.797307E-02
  7.600000E+00  2.969084E-01  2.029687E-02
  7.700000E+00  3.119413E-01  2.132453E-02
  7.800000E+00  2.983551E-01  2.039577E-02
  7.900000E+00  2.576285E-01  1.761167E-02
  8.000000E+00  2.004630E-01  1.370379E-02
  8.100000E+00  1.396332E-01  9.545427E-03
  8.200000E+00  8.438692E-02  5.768750E-03
  8.300000E+00  4.223714E-02  2.887361E-03
  8.400000E+00  1.175268E-02  8.034216E-04
  8.500000E+00 -1.806364E-02 -1.234843E-03
  8.600000E+00 -5.638176E-02 -3.854297E-03
  8.700000E+00 -1.092552E-01 -7.468760E-03
  8.800000E+00 -1.806804E-01 -1.235144E-02
  8.900000E+00 -2.675156E-01 -1.828755E-02
  9.000000E+00 -3.604925E-01 -2.464353E-02
  9.100000E+00 -4.486891E-01 -3.067271E-02
  9.200000E+00 -5.262469E-01 -3.597461E-02
  9.300000E+00 -5.945695E-01 -4.064519E-02
  9.400000E+00 -6.582683E-01 -4.499969E-02
  9.500000E+00 -7.150499E-01 -4.888132E-02
  9.600000E+00 -7.557449E-01 -5.166326E-02
  9.700000E+00 -7.755040E-01 -5.301400E-02
  9.800000E+00 -7.805733E-01 -5.336055E-02
  9.900000E+00 -7.757547E-01 -5.303114E-02


all species
  0.000000E+00  1.462829E+01  1.000000E+00
  1.000000E-01  1.403865E+01  9.596923E-01
  2.000000E-01  1.258271E+01  8.601627E-01
  3.000000E-01  1.074853E+01  7.347772E-01
  4.000000E-01  8.870221E+00  6.063746E-01
  5.000000E-01  7.113151E+00  4.862601E-01
  6.000000E-01  5.559272E+00  3.800358E-01
  7.000000E-01  4.250179E+00  2.905452E-01
  8.000000E-01  3.187677E+00  2.179119E-01
  9.000000E-01  2.349055E+00  1.605831E-01
  1.000000E+00  1.700526E+00  1.162491E-01
  1.100000E+00  1.211384E+00  8.281109E-02
  1.200000E+00  8.565491E-01  5.855430E-02
  1.300000E+00  6.118685E-01  4.182776E-02
  1.400000E+00  4.513266E-01  3.085300E-02
  1.500000E+00  3.532440E-01  2.414801E-02
  1.600000E+00  2.980371E-01  2.037403E-02
  1.700000E+00  2.682250E-01  1.833605E-02
  1.800000E+00  2.522217E-01  1.724205E-02
  1.900000E+00  2.453635E-01  1.677322E-02
  2.000000E+00  2.472475E-01  1.690201E-02
  2.100000E+00  2.578521E-01  1.762695E-02
  2.200000E+00  2.736647E-01  1.870791E-02
  2.300000E+00  2.911922E-01  1.990610E-02
  2.400000E+00  3.151949E-01  2.154695E-02
  2.500000E+00  3.487536E-01  2.384104E-02
  2.600000E+00  3.841442E-01  2.626037E-02
  2.700000E+00  4.091505E-01  2.796982E-02
  2.800000E+00  4.152852E-01  2.838919E-02
  2.900000E+00  3.981487E-01  2.721773E-02
  3.000000E+00  3.604759E-01  2.464239E-02
  3.100000E+00  3.137037E-01  2.144500E-02
  3.200000E+00  2.681442E-01  1.833053E-02
  3.300000E+00  2.229647E-01  1.524202E-02
  3.400000E+00  1.730308E-01  1.182851E-02
  3.500000E+00  1.172453E-01  8.014975E-03
  3.600000E+00  5.542495E-02  3.788889E-03
  3.700000E+00 -1.271015E-02 -8.688750E-04
  3.800000E+00 -8.260273E-02 -5.646781E-03
  3.900000E+00 -1.485907E-01 -1.015777E-02
  4.000000E+00 -2.066777E-01 -1.412863E-02
  4.100000E+00 -2.557245E-01 -1.748151E-02
  4.200000E+00 -2.981821E-01 -2.038394E-02
  4.300000E+00 -3.361946E-01 -2.298250E-02
  4.400000E+00 -3.691660E-01 -2.523645E-02
  4.500000E+00 -3.932665E-01 -2.688398E-02
  4.600000E+00 -4.021169E-01 -2.748900E-02
  4.700000E+00 -3.894499E-01 -2.662307E-02
  4.800000E+00 -3.525050E-01 -2.409749E-02
  4.900000E+00 -2.896841E-01 -1.980301E-02
  5.000000E+00 -2.052931E-01 -1.403398E-02
  5.100000E+00 -1.147455E-01 -7.844087E-03
  5.200000E+00 -3.374666E-02 -2.306945E-03
  5.300000E+00  2.450225E-02  1.674991E-03
  5.400000E+00  5.137055E-02  3.511727E-03
  5.500000E+00  4.836264E-02  3.306104E-03
  5.600000E+00  2.145574E-02  1.466730E-03
  5.700000E+00 -2.070019E-02 -1.415079E-03
  5.800000E+00 -6.708687E-02 -4.586106E-03
  5.900000E+00 -1.123408E-01 -7.679695E-03
  6.000000E+00 -1.572791E-01 -1.075171E-02
  6.100000E+00 -2.018561E-01 -1.379902E-02
  6.200000E+00 -2.403440E-01 -1.643008E-02
  6.300000E+00 -2.635654E-01 -1.801752E-02
  6.400000E+00 -2.668731E-01 -1.824363E-02
  6.500000E+00 -2.498485E-01 -1.707982E-02
  6.600000E+00 -2.124099E-01 -1.452049E-02
  6.700000E+00 -1.557814E-01 -1.064932E-02
  6.800000E+00 -8.726850E-02 -5.965736E-03
  6.900000E+00 -1.462812E-02 -9.999886E-04
  7.000000E+00  5.172135E-02  3.535708E-03
  7.100000E+00  1.042259E-01  7.124955E-03
  7.200000E+00  1.430724E-01  9.780528E-03
  7.300000E+00  1.790984E-01  1.224329E-02
  7.400000E+00  2.205694E-01  1.507828E-02
  7.500000E+00  2.629153E-01  1.797307E-02
  7.600000E+00  2.969084E-01  2.029687E-02
  7.700000E+00  3.119413E-01  2.132453E-02
  7.800000E+00  2.983551E-01  2.039577E-02
  7.900000E+00  2.576285E-01  1.761167E-02
  8.000000E+00  2.004630E-01  1.370379E-02
  8.100000E+00  1.396332E-01  9.545427E-03
  8.200000E+00  8.438692E-02  5.768750E-03
  8.300000E+00  4.223714E-02  2.887361E-03
  8.400000E+00  1.175268E-02  8.034216E-04
  8.500000E+00 -1.806364E-02 -1.234843E-03
  8.600000E+00 -5.638176E-02 -3.854297E-03
  8.700000E+00 -1.092552E-01 -7.468760E-03
  8.800000E+00 -1.806804E-01 -1.235144E-02
  8.900000E+00 -2.675156E-01 -1.828755E-02
  9.000000E+00 -3.604925E-01 -2.464353E-02
  9.100000E+00 -4.486891E-01 -3.067271E-02
  9.200000E+00 -5.262469E-01 -3.597461E-02
  9.300000E+00 -5.945695E-01 -4.064519E-02
  9.400000E+00 -6.582683E-01 -4.499969E-02
  9.500000E+00 -7.150499E-01 -4.888132E-02
  9.600000E+00 -7.557449E-01 -5.166326E-02
  9.700000E+00 -7.755040E-01 -5.301400E-02
  9.800000E+00 -7.805733E-01 -5.336055E-02
  9.900000E+00 -7.757547E-01 -5.303114E-02


