Simple test
       0       1
   1.0000000000    0.0000000000    0.0000000000
   0.0000000000    1.0000000000    0.0000000000
   0.0000000000    0.0000000000    1.0000000000
B    1
    0.4577200045    0.9001190080    0.3001750172
B    2
    0.0415166244    0.7699064654    0.8179705041
B    3
    0.6302680192    0.9146029274    0.7314079348
B    4
    0.7731659040    0.5993543351    0.3483148324
B    5
    0.1273913826    0.0669681234    0.5332509871
B    6
    0.3493437595    0.4205682036    0.4898004159
A    7
    0.0755944215    0.5154423406    0.0394230825
C    8
    0.5837477096    0.0477604149    0.7092934456
B    9
    0.0949452841    0.7453901460    0.7721903180
A    10
    0.2026802865    0.4475765512    0.4191000671
C    11
    0.8148312410    0.8686744347    0.8112311619
B    12
    0.3621449634    0.5704018599    0.7440643976
A    13
    0.4903370300    0.0944675650    0.7163648810
C    14
    0.9445609725    0.2362723351    0.0291370763
B    15
    0.7068423470    0.8993323711    0.0791676911
A    16
    0.5713842548    0.2551756180    0.7366135404
C    17
    0.2637800160    0.3507307479    0.7316829655
B    18
    0.3956074216    0.9739386044    0.9861309514
B    19
    0.9029085375    0.1837974484    0.0837168293
C    20
    0.0287508243    0.2151038377    0.2502012593
B    21
    0.1325665768    0.0464577116    0.8147593457
C    22
    0.6603299794    0.1659685862    0.4340299834
B    23
    0.7419336708    0.6792113832    0.5057230908
C    24
    0.6879917453    0.0772687141    0.6552782347
