       1    5.411139E-01   -3.599928E-01   -4.640084E-01    4.000000E-02    2.361863E-02
       2   -2.554169E+00   -5.878279E-01   -1.010825E+00    1.310513E+00    2.922626E-01
       3    1.110258E-01    1.629865E+00    5.048394E+00    9.721937E-01    1.042780E+00
       4   -1.527498E+00    5.440944E-01    1.932210E+00    8.096611E-01    2.356565E-01
       5    1.962445E+00    7.272408E-01    1.737201E+00    7.240524E-01    2.739976E-01
       6   -2.179062E-01   -4.113665E-01   -1.396401E+00    8.849979E-01    8.024596E-02
       7    1.552674E-01    2.753005E+00   -1.427860E-01    1.113470E+00    2.823531E-01
       8   -8.580591E-01    1.490655E+00    7.832797E-01    1.145730E+00    1.322905E-01
       9    2.232485E+00    2.690999E+00   -1.087863E+00    6.544034E-01    4.966263E-01
      10   -1.225526E-01    3.129381E-01    1.879348E+00    7.360628E-01    1.349962E-01
      11   -7.368671E-01    4.618429E-01   -1.166975E+00    9.616044E-01    7.844829E-02
