       1   -3.258640E-01   -4.896253E-01   -3.064526E-01    1.040000E-01    1.629013E-02
       2    4.901658E+00    4.033448E+00   -1.381903E+00    1.525634E+00    1.563133E+00
       3   -1.233831E+00    9.305151E-01    3.127786E+00    2.095572E+00    4.507868E-01
       4   -3.059065E+00   -4.542448E-01   -1.278650E+00    1.559279E+00    4.147838E-01
       5    1.576574E+00   -4.318085E+00    2.111019E+00    1.067546E+00    9.476980E-01
       6    4.662262E-01   -1.342421E+00    2.268855E+00    1.601749E+00    2.654505E-01
       7   -6.572569E-01   -9.276115E-02    5.649749E-01    1.480806E+00    2.814029E-02
       8   -1.704146E+00   -1.273019E+00    7.975968E-01    1.078223E+00    1.911427E-01
       9    9.061683E-01    1.749560E+00   -2.253253E-01    1.526127E+00    1.456620E-01
      10    2.677888E-01    3.099173E+00   -6.472147E-01    1.494043E+00    3.739063E-01
      11    2.860466E+00    3.852343E+00   -1.590978E+00    1.665513E+00    9.464453E-01
