DL_MESO charged harmonic dimers with dpd repulsion                              
      5001       100


DIMER   
  0.000000E+00  1.500096E+01  1.000000E+00
  1.000000E-01  1.443052E+01  9.619731E-01
  2.000000E-01  1.301975E+01  8.679278E-01
  3.000000E-01  1.123656E+01  7.490557E-01
  4.000000E-01  9.404209E+00  6.269071E-01
  5.000000E-01  7.679286E+00  5.119196E-01
  6.000000E-01  6.134042E+00  4.089099E-01
  7.000000E-01  4.803145E+00  3.201892E-01
  8.000000E-01  3.692590E+00  2.461569E-01
  9.000000E-01  2.781081E+00  1.853935E-01
  1.000000E+00  2.025838E+00  1.350472E-01
  1.100000E+00  1.391383E+00  9.275290E-02
  1.200000E+00  8.680427E-01  5.786580E-02
  1.300000E+00  4.584099E-01  3.055870E-02
  1.400000E+00  1.600278E-01  1.066784E-02
  1.500000E+00 -4.321282E-02 -2.880670E-03
  1.600000E+00 -1.754114E-01 -1.169334E-02
  1.700000E+00 -2.601105E-01 -1.733959E-02
  1.800000E+00 -3.140534E-01 -2.093555E-02
  1.900000E+00 -3.438671E-01 -2.292300E-02
  2.000000E+00 -3.520069E-01 -2.346562E-02
  2.100000E+00 -3.450019E-01 -2.299865E-02
  2.200000E+00 -3.327794E-01 -2.218387E-02
  2.300000E+00 -3.203573E-01 -2.135578E-02
  2.400000E+00 -3.030559E-01 -2.020243E-02
  2.500000E+00 -2.725846E-01 -1.817114E-02
  2.600000E+00 -2.238979E-01 -1.492557E-02
  2.700000E+00 -1.548837E-01 -1.032492E-02
  2.800000E+00 -6.861446E-02 -4.574004E-03
  2.900000E+00  2.620253E-02  1.746723E-03
  3.000000E+00  1.160390E-01  7.735436E-03
  3.100000E+00  1.880601E-01  1.253653E-02
  3.200000E+00  2.327281E-01  1.551422E-02
  3.300000E+00  2.444153E-01  1.629331E-02
  3.400000E+00  2.204886E-01  1.469830E-02
  3.500000E+00  1.651585E-01  1.100986E-02
  3.600000E+00  8.861101E-02  5.907022E-03
  3.700000E+00  7.173339E-03  4.781919E-04
  3.800000E+00 -6.240342E-02 -4.159962E-03
  3.900000E+00 -1.082654E-01 -7.217229E-03
  4.000000E+00 -1.274511E-01 -8.496194E-03
  4.100000E+00 -1.194502E-01 -7.962834E-03
  4.200000E+00 -8.297840E-02 -5.531539E-03
  4.300000E+00 -2.353598E-02 -1.568965E-03
  4.400000E+00  4.931168E-02  3.287235E-03
  4.500000E+00  1.243524E-01  8.289630E-03
  4.600000E+00  1.946555E-01  1.297620E-02
  4.700000E+00  2.579271E-01  1.719404E-02
  4.800000E+00  3.144807E-01  2.096404E-02
  4.900000E+00  3.652996E-01  2.435175E-02
  5.000000E+00  4.090729E-01  2.726978E-02
  5.100000E+00  4.463736E-01  2.975633E-02
  5.200000E+00  4.815185E-01  3.209918E-02
  5.300000E+00  5.216901E-01  3.477711E-02
  5.400000E+00  5.722338E-01  3.814647E-02
  5.500000E+00  6.269027E-01  4.179083E-02
  5.600000E+00  6.753958E-01  4.502350E-02
  5.700000E+00  7.124729E-01  4.749515E-02
  5.800000E+00  7.340793E-01  4.893548E-02
  5.900000E+00  7.350656E-01  4.900123E-02
  6.000000E+00  7.098858E-01  4.732268E-02
  6.100000E+00  6.510291E-01  4.339916E-02
  6.200000E+00  5.532835E-01  3.688321E-02
  6.300000E+00  4.182946E-01  2.788452E-02
  6.400000E+00  2.506792E-01  1.671088E-02
  6.500000E+00  6.239041E-02  4.159094E-03
  6.600000E+00 -1.270109E-01 -8.466848E-03
  6.700000E+00 -2.973823E-01 -1.982422E-02
  6.800000E+00 -4.344376E-01 -2.896065E-02
  6.900000E+00 -5.315588E-01 -3.543498E-02
  7.000000E+00 -5.882560E-01 -3.921455E-02
  7.100000E+00 -6.089954E-01 -4.059709E-02
  7.200000E+00 -6.046352E-01 -4.030643E-02
  7.300000E+00 -5.913784E-01 -3.942270E-02
  7.400000E+00 -5.802981E-01 -3.868406E-02
  7.500000E+00 -5.769458E-01 -3.846059E-02
  7.600000E+00 -5.765742E-01 -3.843582E-02
  7.700000E+00 -5.712677E-01 -3.808207E-02
  7.800000E+00 -5.557976E-01 -3.705080E-02
  7.900000E+00 -5.232541E-01 -3.488137E-02
  8.000000E+00 -4.652353E-01 -3.101370E-02
  8.100000E+00 -3.803252E-01 -2.535339E-02
  8.200000E+00 -2.763238E-01 -1.842040E-02
  8.300000E+00 -1.617412E-01 -1.078206E-02
  8.400000E+00 -4.099145E-02 -2.732588E-03
  8.500000E+00  8.007282E-02  5.337846E-03
  8.600000E+00  1.889391E-01  1.259514E-02
  8.700000E+00  2.704650E-01  1.802985E-02
  8.800000E+00  3.128353E-01  2.085435E-02
  8.900000E+00  3.131113E-01  2.087275E-02
  9.000000E+00  2.772904E-01  1.848484E-02
  9.100000E+00  2.135328E-01  1.423461E-02
  9.200000E+00  1.312026E-01  8.746283E-03
  9.300000E+00  4.391893E-02  2.927741E-03
  9.400000E+00 -2.845610E-02 -1.896952E-03
  9.500000E+00 -6.899722E-02 -4.599520E-03
  9.600000E+00 -6.921033E-02 -4.613726E-03
  9.700000E+00 -3.118518E-02 -2.078879E-03
  9.800000E+00  3.666647E-02  2.444275E-03
  9.900000E+00  1.257607E-01  8.383507E-03


all species
  0.000000E+00  1.500096E+01  1.000000E+00
  1.000000E-01  1.443052E+01  9.619731E-01
  2.000000E-01  1.301975E+01  8.679278E-01
  3.000000E-01  1.123656E+01  7.490557E-01
  4.000000E-01  9.404209E+00  6.269071E-01
  5.000000E-01  7.679286E+00  5.119196E-01
  6.000000E-01  6.134042E+00  4.089099E-01
  7.000000E-01  4.803145E+00  3.201892E-01
  8.000000E-01  3.692590E+00  2.461569E-01
  9.000000E-01  2.781081E+00  1.853935E-01
  1.000000E+00  2.025838E+00  1.350472E-01
  1.100000E+00  1.391383E+00  9.275290E-02
  1.200000E+00  8.680427E-01  5.786580E-02
  1.300000E+00  4.584099E-01  3.055870E-02
  1.400000E+00  1.600278E-01  1.066784E-02
  1.500000E+00 -4.321282E-02 -2.880670E-03
  1.600000E+00 -1.754114E-01 -1.169334E-02
  1.700000E+00 -2.601105E-01 -1.733959E-02
  1.800000E+00 -3.140534E-01 -2.093555E-02
  1.900000E+00 -3.438671E-01 -2.292300E-02
  2.000000E+00 -3.520069E-01 -2.346562E-02
  2.100000E+00 -3.450019E-01 -2.299865E-02
  2.200000E+00 -3.327794E-01 -2.218387E-02
  2.300000E+00 -3.203573E-01 -2.135578E-02
  2.400000E+00 -3.030559E-01 -2.020243E-02
  2.500000E+00 -2.725846E-01 -1.817114E-02
  2.600000E+00 -2.238979E-01 -1.492557E-02
  2.700000E+00 -1.548837E-01 -1.032492E-02
  2.800000E+00 -6.861446E-02 -4.574004E-03
  2.900000E+00  2.620253E-02  1.746723E-03
  3.000000E+00  1.160390E-01  7.735436E-03
  3.100000E+00  1.880601E-01  1.253653E-02
  3.200000E+00  2.327281E-01  1.551422E-02
  3.300000E+00  2.444153E-01  1.629331E-02
  3.400000E+00  2.204886E-01  1.469830E-02
  3.500000E+00  1.651585E-01  1.100986E-02
  3.600000E+00  8.861101E-02  5.907022E-03
  3.700000E+00  7.173339E-03  4.781919E-04
  3.800000E+00 -6.240342E-02 -4.159962E-03
  3.900000E+00 -1.082654E-01 -7.217229E-03
  4.000000E+00 -1.274511E-01 -8.496194E-03
  4.100000E+00 -1.194502E-01 -7.962834E-03
  4.200000E+00 -8.297840E-02 -5.531539E-03
  4.300000E+00 -2.353598E-02 -1.568965E-03
  4.400000E+00  4.931168E-02  3.287235E-03
  4.500000E+00  1.243524E-01  8.289630E-03
  4.600000E+00  1.946555E-01  1.297620E-02
  4.700000E+00  2.579271E-01  1.719404E-02
  4.800000E+00  3.144807E-01  2.096404E-02
  4.900000E+00  3.652996E-01  2.435175E-02
  5.000000E+00  4.090729E-01  2.726978E-02
  5.100000E+00  4.463736E-01  2.975633E-02
  5.200000E+00  4.815185E-01  3.209918E-02
  5.300000E+00  5.216901E-01  3.477711E-02
  5.400000E+00  5.722338E-01  3.814647E-02
  5.500000E+00  6.269027E-01  4.179083E-02
  5.600000E+00  6.753958E-01  4.502350E-02
  5.700000E+00  7.124729E-01  4.749515E-02
  5.800000E+00  7.340793E-01  4.893548E-02
  5.900000E+00  7.350656E-01  4.900123E-02
  6.000000E+00  7.098858E-01  4.732268E-02
  6.100000E+00  6.510291E-01  4.339916E-02
  6.200000E+00  5.532835E-01  3.688321E-02
  6.300000E+00  4.182946E-01  2.788452E-02
  6.400000E+00  2.506792E-01  1.671088E-02
  6.500000E+00  6.239041E-02  4.159094E-03
  6.600000E+00 -1.270109E-01 -8.466848E-03
  6.700000E+00 -2.973823E-01 -1.982422E-02
  6.800000E+00 -4.344376E-01 -2.896065E-02
  6.900000E+00 -5.315588E-01 -3.543498E-02
  7.000000E+00 -5.882560E-01 -3.921455E-02
  7.100000E+00 -6.089954E-01 -4.059709E-02
  7.200000E+00 -6.046352E-01 -4.030643E-02
  7.300000E+00 -5.913784E-01 -3.942270E-02
  7.400000E+00 -5.802981E-01 -3.868406E-02
  7.500000E+00 -5.769458E-01 -3.846059E-02
  7.600000E+00 -5.765742E-01 -3.843582E-02
  7.700000E+00 -5.712677E-01 -3.808207E-02
  7.800000E+00 -5.557976E-01 -3.705080E-02
  7.900000E+00 -5.232541E-01 -3.488137E-02
  8.000000E+00 -4.652353E-01 -3.101370E-02
  8.100000E+00 -3.803252E-01 -2.535339E-02
  8.200000E+00 -2.763238E-01 -1.842040E-02
  8.300000E+00 -1.617412E-01 -1.078206E-02
  8.400000E+00 -4.099145E-02 -2.732588E-03
  8.500000E+00  8.007282E-02  5.337846E-03
  8.600000E+00  1.889391E-01  1.259514E-02
  8.700000E+00  2.704650E-01  1.802985E-02
  8.800000E+00  3.128353E-01  2.085435E-02
  8.900000E+00  3.131113E-01  2.087275E-02
  9.000000E+00  2.772904E-01  1.848484E-02
  9.100000E+00  2.135328E-01  1.423461E-02
  9.200000E+00  1.312026E-01  8.746283E-03
  9.300000E+00  4.391893E-02  2.927741E-03
  9.400000E+00 -2.845610E-02 -1.896952E-03
  9.500000E+00 -6.899722E-02 -4.599520E-03
  9.600000E+00 -6.921033E-02 -4.613726E-03
  9.700000E+00 -3.118518E-02 -2.078879E-03
  9.800000E+00  3.666647E-02  2.444275E-03
  9.900000E+00  1.257607E-01  8.383507E-03


