DL_MESO charged harmonic dimers with dpd repulsion                              
      5001       100


DIMER   
  0.000000E+00  6.233649E+00  0.000000E+00
  6.283185E-01  5.405816E+00 -1.412683E+00
  1.256637E+00  6.257941E+00 -2.520388E+00
  1.884956E+00  4.150463E+00 -2.387533E+00
  2.513274E+00  2.693334E+00 -3.912521E+00
  3.141593E+00  2.131104E+00 -3.246574E+00
  3.769911E+00  1.650412E+00 -2.860556E+00
  4.398230E+00  1.278705E+00 -2.801992E+00
  5.026548E+00  1.124330E+00 -2.102817E+00
  5.654867E+00  9.385175E-01 -1.890993E+00
  6.283185E+00  7.935981E-01 -1.756010E+00
  6.911504E+00  7.270662E-01 -1.552284E+00
  7.539822E+00  6.561622E-01 -1.394604E+00
  8.168141E+00  6.057526E-01 -1.279770E+00
  8.796459E+00  5.775685E-01 -1.163291E+00
  9.424778E+00  5.520783E-01 -1.061300E+00
  1.005310E+01  5.454682E-01 -9.692359E-01
  1.068142E+01  5.360120E-01 -8.920519E-01
  1.130973E+01  5.334286E-01 -8.332761E-01
  1.193805E+01  5.220814E-01 -7.755050E-01
  1.256637E+01  5.183182E-01 -7.251774E-01
  1.319469E+01  5.112317E-01 -6.779455E-01
  1.382301E+01  5.105991E-01 -6.323132E-01
  1.445133E+01  5.072763E-01 -5.897462E-01
  1.507964E+01  5.032710E-01 -5.526064E-01
  1.570796E+01  5.016128E-01 -5.167255E-01
  1.633628E+01  5.003218E-01 -4.838756E-01
  1.696460E+01  4.998379E-01 -4.524754E-01
  1.759292E+01  4.990584E-01 -4.239900E-01
  1.822124E+01  4.978744E-01 -3.965512E-01
  1.884956E+01  4.972975E-01 -3.710976E-01
  1.947787E+01  4.971236E-01 -3.465874E-01
  2.010619E+01  4.964664E-01 -3.229971E-01
  2.073451E+01  4.963465E-01 -3.006642E-01
  2.136283E+01  4.957162E-01 -2.790428E-01
  2.199115E+01  4.956949E-01 -2.584603E-01
  2.261947E+01  4.954903E-01 -2.382167E-01
  2.324779E+01  4.951425E-01 -2.189718E-01
  2.387610E+01  4.951592E-01 -2.001491E-01
  2.450442E+01  4.950445E-01 -1.818502E-01
  2.513274E+01  4.950193E-01 -1.639092E-01
  2.576106E+01  4.948790E-01 -1.466196E-01
  2.638938E+01  4.947980E-01 -1.294565E-01
  2.701770E+01  4.948071E-01 -1.127194E-01
  2.764602E+01  4.946385E-01 -9.609770E-02
  2.827433E+01  4.946320E-01 -7.983630E-02
  2.890265E+01  4.946369E-01 -6.370879E-02
  2.953097E+01  4.945749E-01 -4.756847E-02
  3.015929E+01  4.945944E-01 -3.168217E-02
  3.078761E+01  4.945815E-01 -1.587042E-02
  3.141593E+01  4.945837E-01  0.000000E+00
  3.204425E+01  4.945815E-01  1.587042E-02
  3.267256E+01  4.945944E-01  3.168217E-02
  3.330088E+01  4.945749E-01  4.756847E-02
  3.392920E+01  4.946369E-01  6.370879E-02
  3.455752E+01  4.946320E-01  7.983630E-02
  3.518584E+01  4.946385E-01  9.609770E-02
  3.581416E+01  4.948071E-01  1.127194E-01
  3.644247E+01  4.947980E-01  1.294565E-01
  3.707079E+01  4.948790E-01  1.466196E-01
  3.769911E+01  4.950193E-01  1.639092E-01
  3.832743E+01  4.950445E-01  1.818502E-01
  3.895575E+01  4.951592E-01  2.001491E-01
  3.958407E+01  4.951425E-01  2.189718E-01
  4.021239E+01  4.954903E-01  2.382167E-01
  4.084070E+01  4.956949E-01  2.584603E-01
  4.146902E+01  4.957162E-01  2.790428E-01
  4.209734E+01  4.963465E-01  3.006642E-01
  4.272566E+01  4.964664E-01  3.229971E-01
  4.335398E+01  4.971236E-01  3.465874E-01
  4.398230E+01  4.972975E-01  3.710976E-01
  4.461062E+01  4.978744E-01  3.965512E-01
  4.523893E+01  4.990584E-01  4.239900E-01
  4.586725E+01  4.998379E-01  4.524754E-01
  4.649557E+01  5.003218E-01  4.838756E-01
  4.712389E+01  5.016128E-01  5.167255E-01
  4.775221E+01  5.032710E-01  5.526064E-01
  4.838053E+01  5.072763E-01  5.897462E-01
  4.900885E+01  5.105991E-01  6.323132E-01
  4.963716E+01  5.112317E-01  6.779455E-01
  5.026548E+01  5.183182E-01  7.251774E-01
  5.089380E+01  5.220814E-01  7.755050E-01
  5.152212E+01  5.334286E-01  8.332761E-01
  5.215044E+01  5.360120E-01  8.920519E-01
  5.277876E+01  5.454682E-01  9.692359E-01
  5.340708E+01  5.520783E-01  1.061300E+00
  5.403539E+01  5.775685E-01  1.163291E+00
  5.466371E+01  6.057526E-01  1.279770E+00
  5.529203E+01  6.561622E-01  1.394604E+00
  5.592035E+01  7.270662E-01  1.552284E+00
  5.654867E+01  7.935981E-01  1.756010E+00
  5.717699E+01  9.385175E-01  1.890993E+00
  5.780530E+01  1.124330E+00  2.102817E+00
  5.843362E+01  1.278705E+00  2.801992E+00
  5.906194E+01  1.650412E+00  2.860556E+00
  5.969026E+01  2.131104E+00  3.246574E+00
  6.031858E+01  2.693334E+00  3.912521E+00
  6.094690E+01  4.150463E+00  2.387533E+00
  6.157522E+01  6.257941E+00  2.520388E+00
  6.220353E+01  5.405816E+00  1.412683E+00


all species
  0.000000E+00  6.233649E+00  0.000000E+00
  6.283185E-01  5.405816E+00 -1.412683E+00
  1.256637E+00  6.257941E+00 -2.520388E+00
  1.884956E+00  4.150463E+00 -2.387533E+00
  2.513274E+00  2.693334E+00 -3.912521E+00
  3.141593E+00  2.131104E+00 -3.246574E+00
  3.769911E+00  1.650412E+00 -2.860556E+00
  4.398230E+00  1.278705E+00 -2.801992E+00
  5.026548E+00  1.124330E+00 -2.102817E+00
  5.654867E+00  9.385175E-01 -1.890993E+00
  6.283185E+00  7.935981E-01 -1.756010E+00
  6.911504E+00  7.270662E-01 -1.552284E+00
  7.539822E+00  6.561622E-01 -1.394604E+00
  8.168141E+00  6.057526E-01 -1.279770E+00
  8.796459E+00  5.775685E-01 -1.163291E+00
  9.424778E+00  5.520783E-01 -1.061300E+00
  1.005310E+01  5.454682E-01 -9.692359E-01
  1.068142E+01  5.360120E-01 -8.920519E-01
  1.130973E+01  5.334286E-01 -8.332761E-01
  1.193805E+01  5.220814E-01 -7.755050E-01
  1.256637E+01  5.183182E-01 -7.251774E-01
  1.319469E+01  5.112317E-01 -6.779455E-01
  1.382301E+01  5.105991E-01 -6.323132E-01
  1.445133E+01  5.072763E-01 -5.897462E-01
  1.507964E+01  5.032710E-01 -5.526064E-01
  1.570796E+01  5.016128E-01 -5.167255E-01
  1.633628E+01  5.003218E-01 -4.838756E-01
  1.696460E+01  4.998379E-01 -4.524754E-01
  1.759292E+01  4.990584E-01 -4.239900E-01
  1.822124E+01  4.978744E-01 -3.965512E-01
  1.884956E+01  4.972975E-01 -3.710976E-01
  1.947787E+01  4.971236E-01 -3.465874E-01
  2.010619E+01  4.964664E-01 -3.229971E-01
  2.073451E+01  4.963465E-01 -3.006642E-01
  2.136283E+01  4.957162E-01 -2.790428E-01
  2.199115E+01  4.956949E-01 -2.584603E-01
  2.261947E+01  4.954903E-01 -2.382167E-01
  2.324779E+01  4.951425E-01 -2.189718E-01
  2.387610E+01  4.951592E-01 -2.001491E-01
  2.450442E+01  4.950445E-01 -1.818502E-01
  2.513274E+01  4.950193E-01 -1.639092E-01
  2.576106E+01  4.948790E-01 -1.466196E-01
  2.638938E+01  4.947980E-01 -1.294565E-01
  2.701770E+01  4.948071E-01 -1.127194E-01
  2.764602E+01  4.946385E-01 -9.609770E-02
  2.827433E+01  4.946320E-01 -7.983630E-02
  2.890265E+01  4.946369E-01 -6.370879E-02
  2.953097E+01  4.945749E-01 -4.756847E-02
  3.015929E+01  4.945944E-01 -3.168217E-02
  3.078761E+01  4.945815E-01 -1.587042E-02
  3.141593E+01  4.945837E-01  0.000000E+00
  3.204425E+01  4.945815E-01  1.587042E-02
  3.267256E+01  4.945944E-01  3.168217E-02
  3.330088E+01  4.945749E-01  4.756847E-02
  3.392920E+01  4.946369E-01  6.370879E-02
  3.455752E+01  4.946320E-01  7.983630E-02
  3.518584E+01  4.946385E-01  9.609770E-02
  3.581416E+01  4.948071E-01  1.127194E-01
  3.644247E+01  4.947980E-01  1.294565E-01
  3.707079E+01  4.948790E-01  1.466196E-01
  3.769911E+01  4.950193E-01  1.639092E-01
  3.832743E+01  4.950445E-01  1.818502E-01
  3.895575E+01  4.951592E-01  2.001491E-01
  3.958407E+01  4.951425E-01  2.189718E-01
  4.021239E+01  4.954903E-01  2.382167E-01
  4.084070E+01  4.956949E-01  2.584603E-01
  4.146902E+01  4.957162E-01  2.790428E-01
  4.209734E+01  4.963465E-01  3.006642E-01
  4.272566E+01  4.964664E-01  3.229971E-01
  4.335398E+01  4.971236E-01  3.465874E-01
  4.398230E+01  4.972975E-01  3.710976E-01
  4.461062E+01  4.978744E-01  3.965512E-01
  4.523893E+01  4.990584E-01  4.239900E-01
  4.586725E+01  4.998379E-01  4.524754E-01
  4.649557E+01  5.003218E-01  4.838756E-01
  4.712389E+01  5.016128E-01  5.167255E-01
  4.775221E+01  5.032710E-01  5.526064E-01
  4.838053E+01  5.072763E-01  5.897462E-01
  4.900885E+01  5.105991E-01  6.323132E-01
  4.963716E+01  5.112317E-01  6.779455E-01
  5.026548E+01  5.183182E-01  7.251774E-01
  5.089380E+01  5.220814E-01  7.755050E-01
  5.152212E+01  5.334286E-01  8.332761E-01
  5.215044E+01  5.360120E-01  8.920519E-01
  5.277876E+01  5.454682E-01  9.692359E-01
  5.340708E+01  5.520783E-01  1.061300E+00
  5.403539E+01  5.775685E-01  1.163291E+00
  5.466371E+01  6.057526E-01  1.279770E+00
  5.529203E+01  6.561622E-01  1.394604E+00
  5.592035E+01  7.270662E-01  1.552284E+00
  5.654867E+01  7.935981E-01  1.756010E+00
  5.717699E+01  9.385175E-01  1.890993E+00
  5.780530E+01  1.124330E+00  2.102817E+00
  5.843362E+01  1.278705E+00  2.801992E+00
  5.906194E+01  1.650412E+00  2.860556E+00
  5.969026E+01  2.131104E+00  3.246574E+00
  6.031858E+01  2.693334E+00  3.912521E+00
  6.094690E+01  4.150463E+00  2.387533E+00
  6.157522E+01  6.257941E+00  2.520388E+00
  6.220353E+01  5.405816E+00  1.412683E+00


