One species - starting as diamond cubic lattice
       0       1
    4.0000000000    0.0000000000    0.0000000000
    0.0000000000    4.0000000000    0.0000000000
    0.0000000000    0.0000000000    4.0000000000
A                 1
    0.0		  0.0	        0.0		  		  
A                 2
    0.0		  2.0	        2.0		  		  
A                 3
    2.0		  0.0	        2.0		  		  
A                 4
    2.0		  2.0	        0.0		  		  
A                 5
    3.0		  3.0	        3.0		  		  
A                 6
    3.0		  1.0	        1.0		  		  
A                 7
    1.0		  3.0	        1.0		  		  
A                 8
    1.0		  1.0	        3.0		  		  
