 # Local ordering for beads of species: A       
 # dimx, dimy, dimz=   8.0000000000000000        8.0000000000000000        8.0000000000000000     
 # snapshot number, q, sk
       1    1.000000E+00    1.000000E+00
       2    9.655988E-01    9.983900E-01
       3    8.328311E-01    9.943825E-01
       4    5.576891E-01    9.920264E-01
       5    3.822875E-01    9.908347E-01
       6    3.333387E-01    9.899954E-01
       7    2.924687E-01    9.884140E-01
       8    2.088436E-01    9.867583E-01
       9    1.918481E-01    9.849730E-01
      10    1.342873E-01    9.830251E-01
      11    1.767485E-01    9.835370E-01
      12    1.892161E-01    9.854308E-01
      13    1.749140E-01    9.872711E-01
      14    1.490145E-01    9.880391E-01
      15    1.523878E-01    9.867670E-01
      16    1.053237E-01    9.843228E-01
      17    1.026490E-01    9.827817E-01
      18    1.057525E-01    9.832584E-01
      19    1.626147E-01    9.851831E-01
      20    1.629386E-01    9.882356E-01
      21    2.019539E-01    9.904825E-01
      22    2.362456E-01    9.914645E-01
      23    2.316278E-01    9.906415E-01
      24    1.812034E-01    9.882595E-01
      25    6.242488E-02    9.862133E-01
      26    2.427986E-02    9.857918E-01
      27    6.345471E-02    9.853107E-01
      28    1.205525E-03    9.854216E-01
      29    1.341872E-03    9.848937E-01
      30    2.630008E-02    9.839716E-01
      31   -3.033146E-02    9.833301E-01
      32    6.626584E-03    9.826553E-01
      33    2.761218E-02    9.830598E-01
      34    4.759573E-02    9.845413E-01
      35    5.307131E-02    9.864393E-01
      36    5.445786E-02    9.867548E-01
      37    1.711075E-01    9.870574E-01
      38    1.265103E-01    9.870730E-01
      39    9.441359E-02    9.866404E-01
      40    7.403628E-02    9.871061E-01
      41    8.127528E-02    9.887956E-01
      42    1.109629E-01    9.898710E-01
      43    1.609615E-01    9.899626E-01
      44    1.737683E-01    9.896299E-01
      45    1.335373E-01    9.887266E-01
      46    1.519291E-01    9.875421E-01
      47    1.496011E-01    9.864387E-01
      48    1.030202E-01    9.861172E-01
      49    6.936915E-02    9.859001E-01
      50    7.178596E-03    9.850712E-01
      51   -6.285664E-02    9.839900E-01
      52   -9.091124E-03    9.839400E-01
      53    4.894677E-02    9.853947E-01
      54    7.888128E-02    9.876096E-01
      55    8.285906E-02    9.884312E-01
      56    8.505728E-02    9.868824E-01
      57    6.781380E-02    9.847174E-01
      58    5.306247E-02    9.839093E-01
      59    5.050537E-02    9.849950E-01
      60    7.860809E-02    9.865393E-01
      61    9.849026E-02    9.881854E-01
      62    1.066716E-01    9.891651E-01
      63    8.805740E-02    9.884468E-01
      64    1.045904E-01    9.871158E-01
      65    8.977694E-02    9.852848E-01
      66    5.350253E-02    9.840631E-01
      67    2.858617E-02    9.842586E-01
      68    4.736995E-02    9.856341E-01
      69    8.104986E-02    9.864424E-01
      70    1.020068E-01    9.871744E-01
      71    1.170797E-01    9.879326E-01
      72    1.365438E-01    9.886645E-01
      73    1.382472E-01    9.890716E-01
      74    1.149047E-01    9.888346E-01
      75    6.268460E-02    9.882175E-01
      76    4.625669E-02    9.869271E-01
      77    1.633255E-02    9.858257E-01
      78    7.265452E-02    9.852137E-01
      79    5.460076E-02    9.852577E-01
      80    6.783211E-02    9.857661E-01
      81    4.952105E-02    9.852488E-01
      82    6.424486E-02    9.851967E-01
      83    6.248702E-02    9.866739E-01
      84    8.541328E-02    9.883806E-01
      85    1.341193E-01    9.893769E-01
      86    1.830283E-01    9.895427E-01
      87    2.099508E-01    9.894556E-01
      88    1.684130E-01    9.889151E-01
      89    1.506723E-01    9.880698E-01
      90    9.588703E-02    9.873247E-01
      91    6.160726E-02    9.863405E-01
      92    5.526196E-02    9.856241E-01
      93    6.741701E-02    9.854853E-01
      94   -1.387784E-02    9.859535E-01
      95   -2.738465E-03    9.858982E-01
      96   -2.515220E-02    9.858201E-01
      97    3.517364E-02    9.863703E-01
      98   -5.866022E-03    9.862202E-01
      99    3.245957E-02    9.854355E-01
     100    1.102134E-01    9.853250E-01
     101    1.279534E-01    9.861740E-01


 # <q>   =     0.127967E+00
 # error =     0.165168E-01
 # <s_k> =     0.986985E+00
 # error =     0.277033E-03
