DL_MESO charged harmonic dimers with dpd repulsion                              
      5001       100


DIMER   
  0.000000E+00  6.144240E+00  0.000000E+00
  6.283185E-01  5.756980E+00 -1.369256E+00
  1.256637E+00  5.201895E+00 -2.381423E+00
  1.884956E+00  4.104006E+00 -3.103102E+00
  2.513274E+00  3.144505E+00 -3.321907E+00
  3.141593E+00  2.259571E+00 -3.137872E+00
  3.769911E+00  1.681025E+00 -2.860935E+00
  4.398230E+00  1.291102E+00 -2.543543E+00
  5.026548E+00  1.038623E+00 -2.209089E+00
  5.654867E+00  8.770894E-01 -1.946351E+00
  6.283185E+00  7.751610E-01 -1.735651E+00
  6.911504E+00  7.050013E-01 -1.556798E+00
  7.539822E+00  6.604114E-01 -1.406740E+00
  8.168141E+00  6.244360E-01 -1.277836E+00
  8.796459E+00  6.002468E-01 -1.168210E+00
  9.424778E+00  5.798683E-01 -1.075374E+00
  1.005310E+01  5.662094E-01 -9.909735E-01
  1.068142E+01  5.524962E-01 -9.178698E-01
  1.130973E+01  5.436969E-01 -8.523967E-01
  1.193805E+01  5.362839E-01 -7.932998E-01
  1.256637E+01  5.289541E-01 -7.402870E-01
  1.319469E+01  5.229807E-01 -6.910366E-01
  1.382301E+01  5.195490E-01 -6.457200E-01
  1.445133E+01  5.156981E-01 -6.040039E-01
  1.507964E+01  5.127008E-01 -5.650627E-01
  1.570796E+01  5.105663E-01 -5.296868E-01
  1.633628E+01  5.085104E-01 -4.959218E-01
  1.696460E+01  5.068329E-01 -4.642909E-01
  1.759292E+01  5.054915E-01 -4.343922E-01
  1.822124E+01  5.045937E-01 -4.062161E-01
  1.884956E+01  5.039223E-01 -3.795579E-01
  1.947787E+01  5.034461E-01 -3.542757E-01
  2.010619E+01  5.030552E-01 -3.301894E-01
  2.073451E+01  5.027889E-01 -3.071757E-01
  2.136283E+01  5.024850E-01 -2.850668E-01
  2.199115E+01  5.023232E-01 -2.638496E-01
  2.261947E+01  5.021789E-01 -2.433924E-01
  2.324779E+01  5.020364E-01 -2.235992E-01
  2.387610E+01  5.019624E-01 -2.043546E-01
  2.450442E+01  5.018605E-01 -1.856918E-01
  2.513274E+01  5.018046E-01 -1.674580E-01
  2.576106E+01  5.017544E-01 -1.496402E-01
  2.638938E+01  5.017256E-01 -1.321790E-01
  2.701770E+01  5.016732E-01 -1.150084E-01
  2.764602E+01  5.016427E-01 -9.809865E-02
  2.827433E+01  5.016163E-01 -8.143014E-02
  2.890265E+01  5.015952E-01 -6.493326E-02
  2.953097E+01  5.015876E-01 -4.858735E-02
  3.015929E+01  5.015810E-01 -3.233518E-02
  3.078761E+01  5.015707E-01 -1.615126E-02
  3.141593E+01  5.015683E-01  0.000000E+00
  3.204425E+01  5.015707E-01  1.615126E-02
  3.267256E+01  5.015810E-01  3.233518E-02
  3.330088E+01  5.015876E-01  4.858735E-02
  3.392920E+01  5.015952E-01  6.493326E-02
  3.455752E+01  5.016163E-01  8.143014E-02
  3.518584E+01  5.016427E-01  9.809865E-02
  3.581416E+01  5.016732E-01  1.150084E-01
  3.644247E+01  5.017256E-01  1.321790E-01
  3.707079E+01  5.017544E-01  1.496402E-01
  3.769911E+01  5.018046E-01  1.674580E-01
  3.832743E+01  5.018605E-01  1.856918E-01
  3.895575E+01  5.019624E-01  2.043546E-01
  3.958407E+01  5.020364E-01  2.235992E-01
  4.021239E+01  5.021789E-01  2.433924E-01
  4.084070E+01  5.023232E-01  2.638496E-01
  4.146902E+01  5.024850E-01  2.850668E-01
  4.209734E+01  5.027889E-01  3.071757E-01
  4.272566E+01  5.030552E-01  3.301894E-01
  4.335398E+01  5.034461E-01  3.542757E-01
  4.398230E+01  5.039223E-01  3.795579E-01
  4.461062E+01  5.045937E-01  4.062161E-01
  4.523893E+01  5.054915E-01  4.343922E-01
  4.586725E+01  5.068329E-01  4.642909E-01
  4.649557E+01  5.085104E-01  4.959218E-01
  4.712389E+01  5.105663E-01  5.296868E-01
  4.775221E+01  5.127008E-01  5.650627E-01
  4.838053E+01  5.156981E-01  6.040039E-01
  4.900885E+01  5.195490E-01  6.457200E-01
  4.963716E+01  5.229807E-01  6.910366E-01
  5.026548E+01  5.289541E-01  7.402870E-01
  5.089380E+01  5.362839E-01  7.932998E-01
  5.152212E+01  5.436969E-01  8.523967E-01
  5.215044E+01  5.524962E-01  9.178698E-01
  5.277876E+01  5.662094E-01  9.909735E-01
  5.340708E+01  5.798683E-01  1.075374E+00
  5.403539E+01  6.002468E-01  1.168210E+00
  5.466371E+01  6.244360E-01  1.277836E+00
  5.529203E+01  6.604114E-01  1.406740E+00
  5.592035E+01  7.050013E-01  1.556798E+00
  5.654867E+01  7.751610E-01  1.735651E+00
  5.717699E+01  8.770894E-01  1.946351E+00
  5.780530E+01  1.038623E+00  2.209089E+00
  5.843362E+01  1.291102E+00  2.543543E+00
  5.906194E+01  1.681025E+00  2.860935E+00
  5.969026E+01  2.259571E+00  3.137872E+00
  6.031858E+01  3.144505E+00  3.321907E+00
  6.094690E+01  4.104006E+00  3.103102E+00
  6.157522E+01  5.201895E+00  2.381423E+00
  6.220353E+01  5.756980E+00  1.369256E+00


all species
  0.000000E+00  6.144240E+00  0.000000E+00
  6.283185E-01  5.756980E+00 -1.369256E+00
  1.256637E+00  5.201895E+00 -2.381423E+00
  1.884956E+00  4.104006E+00 -3.103102E+00
  2.513274E+00  3.144505E+00 -3.321907E+00
  3.141593E+00  2.259571E+00 -3.137872E+00
  3.769911E+00  1.681025E+00 -2.860935E+00
  4.398230E+00  1.291102E+00 -2.543543E+00
  5.026548E+00  1.038623E+00 -2.209089E+00
  5.654867E+00  8.770894E-01 -1.946351E+00
  6.283185E+00  7.751610E-01 -1.735651E+00
  6.911504E+00  7.050013E-01 -1.556798E+00
  7.539822E+00  6.604114E-01 -1.406740E+00
  8.168141E+00  6.244360E-01 -1.277836E+00
  8.796459E+00  6.002468E-01 -1.168210E+00
  9.424778E+00  5.798683E-01 -1.075374E+00
  1.005310E+01  5.662094E-01 -9.909735E-01
  1.068142E+01  5.524962E-01 -9.178698E-01
  1.130973E+01  5.436969E-01 -8.523967E-01
  1.193805E+01  5.362839E-01 -7.932998E-01
  1.256637E+01  5.289541E-01 -7.402870E-01
  1.319469E+01  5.229807E-01 -6.910366E-01
  1.382301E+01  5.195490E-01 -6.457200E-01
  1.445133E+01  5.156981E-01 -6.040039E-01
  1.507964E+01  5.127008E-01 -5.650627E-01
  1.570796E+01  5.105663E-01 -5.296868E-01
  1.633628E+01  5.085104E-01 -4.959218E-01
  1.696460E+01  5.068329E-01 -4.642909E-01
  1.759292E+01  5.054915E-01 -4.343922E-01
  1.822124E+01  5.045937E-01 -4.062161E-01
  1.884956E+01  5.039223E-01 -3.795579E-01
  1.947787E+01  5.034461E-01 -3.542757E-01
  2.010619E+01  5.030552E-01 -3.301894E-01
  2.073451E+01  5.027889E-01 -3.071757E-01
  2.136283E+01  5.024850E-01 -2.850668E-01
  2.199115E+01  5.023232E-01 -2.638496E-01
  2.261947E+01  5.021789E-01 -2.433924E-01
  2.324779E+01  5.020364E-01 -2.235992E-01
  2.387610E+01  5.019624E-01 -2.043546E-01
  2.450442E+01  5.018605E-01 -1.856918E-01
  2.513274E+01  5.018046E-01 -1.674580E-01
  2.576106E+01  5.017544E-01 -1.496402E-01
  2.638938E+01  5.017256E-01 -1.321790E-01
  2.701770E+01  5.016732E-01 -1.150084E-01
  2.764602E+01  5.016427E-01 -9.809865E-02
  2.827433E+01  5.016163E-01 -8.143014E-02
  2.890265E+01  5.015952E-01 -6.493326E-02
  2.953097E+01  5.015876E-01 -4.858735E-02
  3.015929E+01  5.015810E-01 -3.233518E-02
  3.078761E+01  5.015707E-01 -1.615126E-02
  3.141593E+01  5.015683E-01  0.000000E+00
  3.204425E+01  5.015707E-01  1.615126E-02
  3.267256E+01  5.015810E-01  3.233518E-02
  3.330088E+01  5.015876E-01  4.858735E-02
  3.392920E+01  5.015952E-01  6.493326E-02
  3.455752E+01  5.016163E-01  8.143014E-02
  3.518584E+01  5.016427E-01  9.809865E-02
  3.581416E+01  5.016732E-01  1.150084E-01
  3.644247E+01  5.017256E-01  1.321790E-01
  3.707079E+01  5.017544E-01  1.496402E-01
  3.769911E+01  5.018046E-01  1.674580E-01
  3.832743E+01  5.018605E-01  1.856918E-01
  3.895575E+01  5.019624E-01  2.043546E-01
  3.958407E+01  5.020364E-01  2.235992E-01
  4.021239E+01  5.021789E-01  2.433924E-01
  4.084070E+01  5.023232E-01  2.638496E-01
  4.146902E+01  5.024850E-01  2.850668E-01
  4.209734E+01  5.027889E-01  3.071757E-01
  4.272566E+01  5.030552E-01  3.301894E-01
  4.335398E+01  5.034461E-01  3.542757E-01
  4.398230E+01  5.039223E-01  3.795579E-01
  4.461062E+01  5.045937E-01  4.062161E-01
  4.523893E+01  5.054915E-01  4.343922E-01
  4.586725E+01  5.068329E-01  4.642909E-01
  4.649557E+01  5.085104E-01  4.959218E-01
  4.712389E+01  5.105663E-01  5.296868E-01
  4.775221E+01  5.127008E-01  5.650627E-01
  4.838053E+01  5.156981E-01  6.040039E-01
  4.900885E+01  5.195490E-01  6.457200E-01
  4.963716E+01  5.229807E-01  6.910366E-01
  5.026548E+01  5.289541E-01  7.402870E-01
  5.089380E+01  5.362839E-01  7.932998E-01
  5.152212E+01  5.436969E-01  8.523967E-01
  5.215044E+01  5.524962E-01  9.178698E-01
  5.277876E+01  5.662094E-01  9.909735E-01
  5.340708E+01  5.798683E-01  1.075374E+00
  5.403539E+01  6.002468E-01  1.168210E+00
  5.466371E+01  6.244360E-01  1.277836E+00
  5.529203E+01  6.604114E-01  1.406740E+00
  5.592035E+01  7.050013E-01  1.556798E+00
  5.654867E+01  7.751610E-01  1.735651E+00
  5.717699E+01  8.770894E-01  1.946351E+00
  5.780530E+01  1.038623E+00  2.209089E+00
  5.843362E+01  1.291102E+00  2.543543E+00
  5.906194E+01  1.681025E+00  2.860935E+00
  5.969026E+01  2.259571E+00  3.137872E+00
  6.031858E+01  3.144505E+00  3.321907E+00
  6.094690E+01  4.104006E+00  3.103102E+00
  6.157522E+01  5.201895E+00  2.381423E+00
  6.220353E+01  5.756980E+00  1.369256E+00


