DL_MESO charged harmonic dimers with dpd repulsion                              
      5001       100


DIMER   
  0.000000E+00  1.415414E-01  1.000000E+00
  1.000000E-01  1.355954E-01  9.579910E-01
  2.000000E-01  1.212470E-01  8.566184E-01
  3.000000E-01  1.038903E-01  7.339924E-01
  4.000000E-01  8.670281E-02  6.125615E-01
  5.000000E-01  7.071286E-02  4.995913E-01
  6.000000E-01  5.627970E-02  3.976200E-01
  7.000000E-01  4.371192E-02  3.088278E-01
  8.000000E-01  3.315358E-02  2.342323E-01
  9.000000E-01  2.453714E-02  1.733566E-01
  1.000000E+00  1.769206E-02  1.249956E-01
  1.100000E+00  1.240131E-02  8.761615E-02
  1.200000E+00  8.409416E-03  5.941312E-02
  1.300000E+00  5.467770E-03  3.863018E-02
  1.400000E+00  3.369328E-03  2.380454E-02
  1.500000E+00  1.929245E-03  1.363025E-02
  1.600000E+00  9.671017E-04  6.832642E-03
  1.700000E+00  3.377661E-04  2.386341E-03
  1.800000E+00 -5.259263E-05 -3.715706E-04
  1.900000E+00 -2.706819E-04 -1.912387E-03
  2.000000E+00 -3.810229E-04 -2.691953E-03
  2.100000E+00 -4.318599E-04 -3.051121E-03
  2.200000E+00 -4.459939E-04 -3.150978E-03
  2.300000E+00 -4.293236E-04 -3.033202E-03
  2.400000E+00 -3.809750E-04 -2.691615E-03
  2.500000E+00 -3.028568E-04 -2.139705E-03
  2.600000E+00 -2.038969E-04 -1.440546E-03
  2.700000E+00 -9.704913E-05 -6.856589E-04
  2.800000E+00  7.800732E-06  5.511272E-05
  2.900000E+00  1.075955E-04  7.601694E-04
  3.000000E+00  2.011115E-04  1.420867E-03
  3.100000E+00  2.786804E-04  1.968896E-03
  3.200000E+00  3.254099E-04  2.299044E-03
  3.300000E+00  3.413480E-04  2.411647E-03
  3.400000E+00  3.379927E-04  2.387942E-03
  3.500000E+00  3.256060E-04  2.300429E-03
  3.600000E+00  3.069190E-04  2.168404E-03
  3.700000E+00  2.801669E-04  1.979399E-03
  3.800000E+00  2.585577E-04  1.826728E-03
  3.900000E+00  2.620326E-04  1.851279E-03
  4.000000E+00  2.949386E-04  2.083762E-03
  4.100000E+00  3.455292E-04  2.441188E-03
  4.200000E+00  4.014049E-04  2.835954E-03
  4.300000E+00  4.586720E-04  3.240550E-03
  4.400000E+00  5.171554E-04  3.653739E-03
  4.500000E+00  5.727051E-04  4.046202E-03
  4.600000E+00  6.223036E-04  4.396619E-03
  4.700000E+00  6.707961E-04  4.739221E-03
  4.800000E+00  7.168583E-04  5.064654E-03
  4.900000E+00  7.468172E-04  5.276316E-03
  5.000000E+00  7.464118E-04  5.273452E-03
  5.100000E+00  7.160670E-04  5.059063E-03
  5.200000E+00  6.671351E-04  4.713356E-03
  5.300000E+00  6.090237E-04  4.302795E-03
  5.400000E+00  5.496641E-04  3.883416E-03
  5.500000E+00  4.895567E-04  3.458753E-03
  5.600000E+00  4.231656E-04  2.989695E-03
  5.700000E+00  3.470782E-04  2.452132E-03
  5.800000E+00  2.607696E-04  1.842355E-03
  5.900000E+00  1.695366E-04  1.197788E-03
  6.000000E+00  7.925608E-05  5.599498E-04
  6.100000E+00 -1.289215E-05 -9.108391E-05
  6.200000E+00 -1.085475E-04 -7.668960E-04
  6.300000E+00 -2.037720E-04 -1.439664E-03
  6.400000E+00 -2.905488E-04 -2.052748E-03
  6.500000E+00 -3.576047E-04 -2.526502E-03
  6.600000E+00 -3.939289E-04 -2.783136E-03
  6.700000E+00 -3.951624E-04 -2.791850E-03
  6.800000E+00 -3.685187E-04 -2.603610E-03
  6.900000E+00 -3.271829E-04 -2.311570E-03
  7.000000E+00 -2.777962E-04 -1.962650E-03
  7.100000E+00 -2.153420E-04 -1.521406E-03
  7.200000E+00 -1.381942E-04 -9.763519E-04
  7.300000E+00 -6.298213E-05 -4.449732E-04
  7.400000E+00 -1.369626E-05 -9.676507E-05
  7.500000E+00  1.195480E-06  8.446147E-06
  7.600000E+00 -1.190600E-05 -8.411670E-05
  7.700000E+00 -4.554302E-05 -3.217646E-04
  7.800000E+00 -9.352606E-05 -6.607682E-04
  7.900000E+00 -1.445398E-04 -1.021184E-03
  8.000000E+00 -1.815483E-04 -1.282651E-03
  8.100000E+00 -1.920600E-04 -1.356917E-03
  8.200000E+00 -1.811399E-04 -1.279766E-03
  8.300000E+00 -1.567708E-04 -1.107597E-03
  8.400000E+00 -1.255889E-04 -8.872942E-04
  8.500000E+00 -9.818902E-05 -6.937123E-04
  8.600000E+00 -8.612984E-05 -6.085133E-04
  8.700000E+00 -9.825970E-05 -6.942117E-04
  8.800000E+00 -1.357524E-04 -9.590999E-04
  8.900000E+00 -1.950864E-04 -1.378299E-03
  9.000000E+00 -2.614577E-04 -1.847217E-03
  9.100000E+00 -3.227984E-04 -2.280594E-03
  9.200000E+00 -3.726736E-04 -2.632965E-03
  9.300000E+00 -4.079810E-04 -2.882415E-03
  9.400000E+00 -4.283915E-04 -3.026616E-03
  9.500000E+00 -4.349913E-04 -3.073244E-03
  9.600000E+00 -4.288268E-04 -3.029691E-03
  9.700000E+00 -4.127288E-04 -2.915958E-03
  9.800000E+00 -3.880561E-04 -2.741644E-03
  9.900000E+00 -3.546393E-04 -2.505552E-03


all species
  0.000000E+00  1.415414E-01  1.000000E+00
  1.000000E-01  1.355954E-01  9.579910E-01
  2.000000E-01  1.212470E-01  8.566184E-01
  3.000000E-01  1.038903E-01  7.339924E-01
  4.000000E-01  8.670281E-02  6.125615E-01
  5.000000E-01  7.071286E-02  4.995913E-01
  6.000000E-01  5.627970E-02  3.976200E-01
  7.000000E-01  4.371192E-02  3.088278E-01
  8.000000E-01  3.315358E-02  2.342323E-01
  9.000000E-01  2.453714E-02  1.733566E-01
  1.000000E+00  1.769206E-02  1.249956E-01
  1.100000E+00  1.240131E-02  8.761615E-02
  1.200000E+00  8.409416E-03  5.941312E-02
  1.300000E+00  5.467770E-03  3.863018E-02
  1.400000E+00  3.369328E-03  2.380454E-02
  1.500000E+00  1.929245E-03  1.363025E-02
  1.600000E+00  9.671017E-04  6.832642E-03
  1.700000E+00  3.377661E-04  2.386341E-03
  1.800000E+00 -5.259263E-05 -3.715706E-04
  1.900000E+00 -2.706819E-04 -1.912387E-03
  2.000000E+00 -3.810229E-04 -2.691953E-03
  2.100000E+00 -4.318599E-04 -3.051121E-03
  2.200000E+00 -4.459939E-04 -3.150978E-03
  2.300000E+00 -4.293236E-04 -3.033202E-03
  2.400000E+00 -3.809750E-04 -2.691615E-03
  2.500000E+00 -3.028568E-04 -2.139705E-03
  2.600000E+00 -2.038969E-04 -1.440546E-03
  2.700000E+00 -9.704913E-05 -6.856589E-04
  2.800000E+00  7.800732E-06  5.511272E-05
  2.900000E+00  1.075955E-04  7.601694E-04
  3.000000E+00  2.011115E-04  1.420867E-03
  3.100000E+00  2.786804E-04  1.968896E-03
  3.200000E+00  3.254099E-04  2.299044E-03
  3.300000E+00  3.413480E-04  2.411647E-03
  3.400000E+00  3.379927E-04  2.387942E-03
  3.500000E+00  3.256060E-04  2.300429E-03
  3.600000E+00  3.069190E-04  2.168404E-03
  3.700000E+00  2.801669E-04  1.979399E-03
  3.800000E+00  2.585577E-04  1.826728E-03
  3.900000E+00  2.620326E-04  1.851279E-03
  4.000000E+00  2.949386E-04  2.083762E-03
  4.100000E+00  3.455292E-04  2.441188E-03
  4.200000E+00  4.014049E-04  2.835954E-03
  4.300000E+00  4.586720E-04  3.240550E-03
  4.400000E+00  5.171554E-04  3.653739E-03
  4.500000E+00  5.727051E-04  4.046202E-03
  4.600000E+00  6.223036E-04  4.396619E-03
  4.700000E+00  6.707961E-04  4.739221E-03
  4.800000E+00  7.168583E-04  5.064654E-03
  4.900000E+00  7.468172E-04  5.276316E-03
  5.000000E+00  7.464118E-04  5.273452E-03
  5.100000E+00  7.160670E-04  5.059063E-03
  5.200000E+00  6.671351E-04  4.713356E-03
  5.300000E+00  6.090237E-04  4.302795E-03
  5.400000E+00  5.496641E-04  3.883416E-03
  5.500000E+00  4.895567E-04  3.458753E-03
  5.600000E+00  4.231656E-04  2.989695E-03
  5.700000E+00  3.470782E-04  2.452132E-03
  5.800000E+00  2.607696E-04  1.842355E-03
  5.900000E+00  1.695366E-04  1.197788E-03
  6.000000E+00  7.925608E-05  5.599498E-04
  6.100000E+00 -1.289215E-05 -9.108391E-05
  6.200000E+00 -1.085475E-04 -7.668960E-04
  6.300000E+00 -2.037720E-04 -1.439664E-03
  6.400000E+00 -2.905488E-04 -2.052748E-03
  6.500000E+00 -3.576047E-04 -2.526502E-03
  6.600000E+00 -3.939289E-04 -2.783136E-03
  6.700000E+00 -3.951624E-04 -2.791850E-03
  6.800000E+00 -3.685187E-04 -2.603610E-03
  6.900000E+00 -3.271829E-04 -2.311570E-03
  7.000000E+00 -2.777962E-04 -1.962650E-03
  7.100000E+00 -2.153420E-04 -1.521406E-03
  7.200000E+00 -1.381942E-04 -9.763519E-04
  7.300000E+00 -6.298213E-05 -4.449732E-04
  7.400000E+00 -1.369626E-05 -9.676507E-05
  7.500000E+00  1.195480E-06  8.446147E-06
  7.600000E+00 -1.190600E-05 -8.411670E-05
  7.700000E+00 -4.554302E-05 -3.217646E-04
  7.800000E+00 -9.352606E-05 -6.607682E-04
  7.900000E+00 -1.445398E-04 -1.021184E-03
  8.000000E+00 -1.815483E-04 -1.282651E-03
  8.100000E+00 -1.920600E-04 -1.356917E-03
  8.200000E+00 -1.811399E-04 -1.279766E-03
  8.300000E+00 -1.567708E-04 -1.107597E-03
  8.400000E+00 -1.255889E-04 -8.872942E-04
  8.500000E+00 -9.818902E-05 -6.937123E-04
  8.600000E+00 -8.612984E-05 -6.085133E-04
  8.700000E+00 -9.825970E-05 -6.942117E-04
  8.800000E+00 -1.357524E-04 -9.590999E-04
  8.900000E+00 -1.950864E-04 -1.378299E-03
  9.000000E+00 -2.614577E-04 -1.847217E-03
  9.100000E+00 -3.227984E-04 -2.280594E-03
  9.200000E+00 -3.726736E-04 -2.632965E-03
  9.300000E+00 -4.079810E-04 -2.882415E-03
  9.400000E+00 -4.283915E-04 -3.026616E-03
  9.500000E+00 -4.349913E-04 -3.073244E-03
  9.600000E+00 -4.288268E-04 -3.029691E-03
  9.700000E+00 -4.127288E-04 -2.915958E-03
  9.800000E+00 -3.880561E-04 -2.741644E-03
  9.900000E+00 -3.546393E-04 -2.505552E-03


